1387 1648
0 1
0 2
0 3
0 4
0 5
0 6
0 7
1 0
2 0
2 185
3 0
3 7
3 95
3 185
3 191
3 217
3 226
3 227
3 228
3 229
3 230
3 231
3 232
4 0
5 0
5 185
5 662
6 0
6 185
6 607
6 662
7 0
7 3
7 185
7 231
8 9
9 8
9 116
9 1382
10 11
10 12
11 10
11 62
11 303
11 373
11 449
11 577
11 691
11 874
11 969
11 1044
11 1045
11 1046
12 10
12 137
12 275
12 303
12 651
12 1087
13 14
14 13
14 90
14 91
14 100
14 110
14 204
14 207
14 233
14 289
14 339
14 340
14 370
14 375
14 400
14 464
14 492
14 493
14 508
14 517
14 535
14 566
14 574
14 576
14 595
14 611
14 624
14 637
14 656
14 663
14 674
14 692
14 693
14 705
14 731
14 740
14 847
14 855
14 858
14 859
14 862
14 863
14 889
14 894
14 895
14 920
14 924
14 927
14 928
14 941
14 948
14 974
14 994
14 1017
14 1026
14 1032
14 1033
14 1035
14 1041
14 1052
14 1061
14 1077
14 1094
14 1096
14 1108
14 1123
14 1131
14 1140
14 1142
14 1157
14 1166
14 1191
14 1194
14 1202
14 1207
14 1208
14 1217
14 1225
14 1226
14 1228
14 1229
14 1230
14 1237
14 1245
14 1246
14 1247
14 1248
14 1249
14 1250
14 1251
14 1252
14 1253
14 1254
14 1255
14 1256
14 1257
14 1258
14 1259
14 1260
14 1261
14 1262
14 1263
14 1264
14 1265
14 1266
14 1267
14 1268
14 1269
14 1270
14 1271
14 1272
14 1273
14 1274
14 1275
14 1276
14 1277
14 1278
14 1279
14 1280
14 1281
14 1282
14 1283
14 1284
14 1285
14 1286
14 1287
14 1288
14 1289
14 1290
14 1291
14 1292
14 1293
15 16
16 15
16 65
16 328
16 338
16 363
16 366
16 411
16 436
16 481
16 496
16 563
16 573
16 596
16 623
16 655
16 678
16 686
16 700
16 778
16 779
16 780
16 781
16 782
16 783
16 784
16 785
16 786
16 787
16 788
16 789
16 790
16 791
16 792
16 793
16 794
16 795
16 796
16 797
16 798
16 799
16 800
16 801
16 802
16 803
16 804
16 805
16 806
16 807
16 808
16 809
16 810
16 811
16 812
16 813
16 814
16 815
16 816
16 817
16 818
16 819
16 820
16 821
16 822
16 823
16 824
16 825
16 826
16 827
17 18
18 17
18 40
18 393
18 474
18 502
18 741
18 742
18 743
18 744
18 745
19 20
19 21
19 22
19 23
20 19
21 19
21 299
22 19
22 29
23 19
23 80
23 247
23 357
23 527
23 530
23 671
23 1211
23 1212
23 1240
23 1241
23 1323
24 25
24 26
24 27
24 28
25 24
25 26
26 24
26 25
26 27
26 28
27 24
27 26
27 102
27 1380
28 24
28 26
28 1380
29 22
29 30
29 31
29 32
29 33
29 34
29 35
29 36
29 37
29 38
29 39
29 40
29 41
29 42
29 43
29 44
29 45
29 46
29 47
29 48
30 29
30 77
31 29
31 78
31 79
31 80
32 29
33 29
34 29
35 29
36 29
37 29
37 216
37 530
37 582
37 872
38 29
39 29
40 18
40 29
40 582
40 938
41 29
42 29
43 29
44 29
45 29
46 29
47 29
48 29
49 50
49 51
49 52
50 49
50 51
50 212
50 213
50 214
50 215
50 216
50 217
50 218
50 219
50 220
50 221
50 222
50 223
50 224
50 225
51 49
51 50
51 52
52 49
52 51
52 163
53 54
53 55
53 56
53 57
53 58
53 59
54 53
54 261
55 53
55 348
55 840
55 841
56 53
56 392
57 53
57 58
57 59
58 53
58 57
58 59
58 1124
59 53
59 57
59 58
60 61
61 60
61 209
61 324
61 413
61 434
61 483
61 572
61 626
61 680
61 694
61 710
61 713
61 736
61 769
61 885
61 917
61 923
61 932
61 954
61 991
61 1008
61 1060
61 1085
61 1088
61 1095
61 1116
61 1141
61 1192
61 1242
61 1300
61 1304
61 1305
61 1306
61 1307
61 1308
61 1309
61 1310
61 1311
61 1312
61 1313
61 1314
61 1315
61 1316
61 1317
61 1318
61 1319
61 1320
61 1321
62 11
63 64
64 63
64 216
64 268
64 527
64 549
64 636
64 839
64 1323
65 16
66 67
67 66
67 250
67 251
68 69
69 68
69 286
69 374
69 625
69 636
69 685
69 875
69 953
69 1007
69 1076
69 1215
69 1354
69 1355
70 71
71 70
71 657
72 73
72 74
72 75
72 76
73 72
73 75
73 76
73 210
74 72
74 76
74 210
74 587
75 72
75 73
75 76
75 210
75 540
76 72
76 73
76 74
76 75
76 146
76 221
76 285
76 288
76 501
76 540
76 650
76 652
77 30
77 992
77 1097
77 1335
78 31
78 412
78 746
79 31
79 99
79 128
79 183
79 231
79 412
79 550
79 662
79 732
79 746
79 878
79 879
79 880
79 881
80 23
80 31
80 95
80 179
80 247
80 525
80 529
80 531
81 82
81 83
81 84
81 85
81 86
81 87
81 88
81 89
82 81
82 155
82 485
83 81
83 88
83 155
83 293
83 485
84 81
84 122
85 81
85 122
86 81
87 81
87 88
87 155
87 293
87 485
88 81
88 83
88 87
88 128
88 208
88 256
88 265
88 469
88 542
88 589
88 668
88 836
88 1160
88 1161
88 1162
88 1163
88 1164
88 1165
89 81
89 122
90 14
91 14
92 93
93 92
94 95
95 3
95 80
95 94
95 142
95 502
95 503
95 504
96 97
97 96
98 99
99 79
99 98
99 604
99 701
99 1182
100 14
101 102
101 103
101 104
101 105
102 27
102 101
102 105
102 125
102 126
103 101
103 105
104 101
104 105
104 654
104 1233
105 101
105 102
105 103
105 104
106 107
107 106
107 882
108 109
109 108
109 488
109 515
109 878
109 883
109 959
109 960
109 961
110 14
111 112
111 113
112 111
113 111
113 688
114 115
114 116
114 117
115 114
115 117
115 942
116 9
116 114
116 118
116 196
116 365
116 368
116 382
116 452
116 601
116 645
116 670
116 697
116 711
116 735
116 776
116 835
116 864
116 871
116 950
116 975
116 986
116 995
116 1114
116 1170
116 1171
116 1172
116 1173
116 1174
116 1175
117 114
117 115
117 378
117 379
117 942
117 1371
118 116
119 120
120 119
120 200
120 744
120 1019
121 122
122 84
122 85
122 89
122 121
122 244
122 256
122 257
122 265
122 282
122 292
122 325
122 371
122 484
122 583
122 621
122 755
122 908
122 929
122 940
122 987
122 999
122 1025
122 1027
122 1042
122 1071
122 1080
122 1092
122 1115
122 1135
122 1143
122 1161
122 1162
122 1185
122 1205
122 1210
122 1296
122 1297
122 1298
122 1351
122 1356
122 1366
122 1375
123 124
124 123
124 153
124 186
124 205
124 242
124 347
124 704
124 706
124 765
124 836
124 838
124 896
124 897
124 898
124 899
124 900
124 901
124 902
124 903
124 904
124 905
125 102
125 216
126 102
126 1338
127 128
128 79
128 88
128 127
128 376
128 455
128 1074
128 1188
129 130
130 129
131 132
131 133
131 134
131 135
131 136
131 137
132 131
132 136
132 354
133 131
133 134
133 135
133 136
133 137
133 279
133 518
133 519
134 131
134 133
134 135
134 148
134 479
134 673
134 949
135 131
135 133
135 134
135 136
135 137
136 131
136 132
136 133
136 135
136 137
136 279
136 355
136 356
137 12
137 131
137 133
137 135
137 136
137 278
137 279
137 722
137 1332
138 139
139 138
139 293
139 422
139 1187
139 1301
140 141
141 140
141 176
141 330
141 372
141 601
141 1000
141 1381
141 1385
142 95
143 144
143 145
143 146
143 147
143 148
143 149
143 150
144 143
145 143
146 76
146 143
146 188
146 302
146 304
146 706
146 849
146 957
146 958
147 143
147 367
148 134
148 143
148 478
148 480
148 707
148 752
148 1198
148 1199
149 143
149 1336
150 143
150 367
151 152
152 151
152 377
152 453
152 505
152 580
152 586
152 1028
152 1075
152 1147
152 1148
152 1149
152 1150
152 1151
153 124
153 154
153 155
153 156
154 153
154 206
154 614
154 615
154 616
154 617
154 618
155 82
155 83
155 87
155 153
155 265
155 292
155 315
155 504
155 542
155 616
155 621
155 860
155 929
155 939
155 1165
155 1209
155 1219
155 1339
155 1364
155 1365
156 153
157 158
158 157
158 468
158 878
158 1126
159 160
159 161
159 162
160 159
160 161
161 159
161 160
161 516
161 519
162 159
162 541
163 52
163 164
164 163
164 319
165 166
165 167
165 168
165 169
165 170
165 171
165 172
165 173
165 174
165 175
166 165
166 170
166 171
166 172
166 174
167 165
167 170
167 172
167 174
168 165
168 169
168 170
168 172
168 173
168 174
168 175
169 165
169 168
169 170
169 171
169 172
169 173
169 174
170 165
170 166
170 167
170 168
170 169
170 172
170 173
170 174
170 175
171 165
171 166
171 169
171 172
171 173
171 174
171 1186
172 165
172 166
172 167
172 168
172 169
172 170
172 171
172 173
172 174
172 175
173 165
173 168
173 169
173 170
173 171
173 172
173 174
173 175
174 165
174 166
174 167
174 168
174 169
174 170
174 171
174 172
174 173
174 175
175 165
175 168
175 170
175 172
175 173
175 174
176 141
176 177
176 178
177 176
178 176
179 80
179 180
179 181
179 182
179 183
179 184
180 179
180 247
181 179
182 179
183 79
183 179
183 247
184 179
184 230
184 247
184 602
184 1034
184 1322
185 2
185 3
185 5
185 6
185 7
185 231
185 349
185 387
185 1144
185 1183
185 1326
185 1327
185 1328
186 124
187 188
188 146
188 187
188 305
188 306
188 479
188 1146
189 190
190 189
190 200
190 238
190 257
190 258
190 259
190 321
190 469
190 513
190 993
190 1122
190 1130
190 1213
190 1227
190 1369
190 1370
191 3
192 193
192 194
192 195
193 192
193 195
194 192
194 195
194 1039
194 1040
195 192
195 193
195 194
195 313
195 651
195 890
195 1039
195 1040
195 1089
196 116
197 198
198 197
198 427
198 428
198 429
198 430
198 431
199 200
200 120
200 190
200 199
200 211
200 552
200 1113
200 1231
200 1334
201 202
201 203
202 201
202 253
202 444
202 445
202 446
202 447
203 201
203 891
203 1037
203 1050
204 14
205 124
206 154
207 14
208 88
209 61
209 210
210 73
210 74
210 75
210 209
210 413
210 434
210 483
210 626
210 680
210 690
210 694
210 714
210 742
210 885
210 917
210 1060
210 1085
210 1088
210 1141
210 1243
210 1300
210 1304
210 1305
210 1311
210 1312
210 1313
210 1317
210 1319
210 1336
211 200
212 50
213 50
214 50
215 50
216 37
216 50
216 64
216 125
216 531
216 548
216 549
217 3
217 50
217 327
217 603
217 604
217 605
217 606
217 607
218 50
219 50
220 50
220 591
220 592
221 50
221 76
221 591
221 592
221 727
221 1105
222 50
223 50
224 50
225 50
226 3
227 3
228 3
229 3
229 253
230 3
230 184
230 231
231 3
231 7
231 79
231 185
231 230
231 598
231 996
231 1010
231 1083
231 1324
231 1325
232 3
233 14
234 235
234 236
234 237
234 238
234 239
234 240
234 241
235 234
235 839
236 234
236 240
237 234
237 240
238 190
238 234
238 360
238 369
238 597
239 234
239 240
239 1072
240 234
240 236
240 237
240 239
240 241
241 234
241 240
242 124
242 243
243 242
243 558
243 730
243 911
243 930
243 931
243 932
244 122
245 246
246 245
247 23
247 80
247 180
247 183
247 184
247 357
247 529
247 659
247 660
247 661
248 249
249 248
249 262
249 323
249 324
249 378
249 445
249 448
249 714
249 737
249 1047
249 1051
249 1161
249 1204
249 1215
249 1244
250 67
251 67
252 253
252 254
252 255
253 202
253 229
253 252
253 254
253 271
253 272
253 273
253 274
253 275
254 252
254 253
255 252
255 677
256 88
256 122
257 122
257 190
258 190
258 259
258 260
259 190
259 258
259 341
259 342
259 742
259 1102
260 258
261 54
262 249
263 264
264 263
265 88
265 122
265 155
266 267
266 268
267 266
267 268
268 64
268 266
268 267
268 401
268 487
268 523
268 540
268 652
268 875
268 876
268 877
269 270
270 269
271 253
271 506
272 253
273 253
274 253
274 644
274 909
274 910
274 926
275 12
275 253
276 277
277 276
278 137
278 279
279 133
279 136
279 137
279 278
279 682
279 722
279 1332
279 1350
279 1368
279 1380
280 281
281 280
282 122
283 284
284 283
284 426
284 455
284 456
284 622
284 679
284 1153
284 1347
284 1348
284 1349
285 76
286 69
287 288
288 76
288 287
288 337
288 446
288 540
288 541
288 542
289 14
290 291
291 290
291 360
291 1058
291 1125
291 1126
291 1127
291 1128
291 1129
292 122
292 155
292 293
293 83
293 87
293 139
293 292
293 658
293 721
293 725
293 734
293 768
293 868
293 873
293 919
293 929
293 973
293 989
293 1162
293 1165
293 1214
293 1216
293 1220
293 1221
293 1222
293 1223
294 295
294 296
295 294
295 516
295 1024
296 294
296 554
296 555
297 298
298 297
298 468
298 548
298 556
298 557
298 558
298 559
298 560
298 561
298 562
299 21
299 300
299 301
300 299
301 299
301 575
301 1232
302 146
302 303
302 304
302 305
302 306
302 307
303 11
303 12
303 302
303 304
303 958
304 146
304 302
304 303
304 305
304 306
304 307
305 188
305 302
305 304
305 958
305 1081
306 188
306 302
306 304
306 541
306 706
306 849
306 957
306 958
306 1119
306 1120
307 302
307 304
308 309
309 308
310 311
311 310
311 1203
312 313
312 314
313 195
313 312
313 314
313 388
313 454
313 488
313 489
313 501
313 647
313 648
313 649
313 650
313 651
314 312
314 313
315 155
315 316
315 317
315 318
316 315
316 317
316 318
316 836
317 315
317 316
317 318
318 315
318 316
318 317
318 1143
319 164
319 320
320 319
321 190
322 323
322 324
323 249
323 322
324 61
324 249
324 322
325 122
326 327
327 217
327 326
327 603
327 876
327 923
328 16
329 330
329 331
329 332
329 333
329 334
329 335
329 336
329 337
330 141
330 329
330 487
330 631
331 329
331 332
331 333
331 334
331 335
331 336
332 329
332 331
332 336
333 329
333 331
333 336
333 540
333 591
333 592
333 1154
334 329
334 331
334 336
335 329
335 331
335 336
336 329
336 331
336 332
336 333
336 334
336 335
337 288
337 329
337 446
338 16
339 14
340 14
341 259
341 342
342 259
342 341
342 507
343 344
344 343
344 477
344 639
344 652
344 709
344 775
344 841
344 1011
344 1012
344 1013
344 1014
344 1015
344 1016
345 346
346 345
347 124
348 55
349 185
350 351
351 350
352 353
353 352
353 407
353 408
353 409
353 410
354 132
354 1079
355 136
355 356
356 136
356 355
356 650
357 23
357 247
357 358
357 359
357 360
357 361
357 362
358 357
359 357
360 238
360 291
360 357
360 670
361 357
362 357
362 584
363 16
363 364
364 363
364 388
364 389
364 390
364 391
364 392
364 393
364 394
364 395
365 116
366 16
367 147
367 150
368 116
369 238
370 14
371 122
372 141
373 11
374 69
375 14
376 128
377 152
378 117
378 249
378 379
379 117
379 378
379 553
380 381
381 380
381 702
381 1117
382 116
383 384
384 383
384 828
385 386
386 385
386 482
387 185
388 313
388 364
389 364
390 364
391 364
391 530
392 56
392 364
392 1130
393 18
393 364
394 364
394 472
395 364
396 397
397 396
397 754
398 399
399 398
400 14
401 268
402 403
402 404
402 405
402 406
403 402
403 404
403 405
403 406
403 547
404 402
404 403
404 405
405 402
405 403
405 404
406 402
406 403
406 963
407 353
408 353
408 722
409 353
410 353
411 16
412 78
412 79
413 61
413 210
414 415
414 416
414 417
414 418
414 419
415 414
415 418
415 419
416 414
416 418
416 419
417 414
417 419
418 414
418 415
418 416
418 419
418 1124
419 414
419 415
419 416
419 417
419 418
420 421
421 420
422 139
423 424
423 425
424 423
424 425
424 944
424 1152
425 423
425 424
425 1152
426 284
427 198
427 430
427 545
427 546
428 198
428 718
428 766
428 767
429 198
430 198
430 427
430 545
430 546
431 198
431 546
432 433
433 432
434 61
434 210
434 435
435 434
435 483
435 626
435 694
435 714
435 742
435 885
435 954
435 1192
435 1300
435 1304
435 1309
435 1319
436 16
437 438
438 437
439 440
440 439
441 442
441 443
442 441
443 441
444 202
444 536
444 537
444 538
444 539
445 202
445 249
446 202
446 288
446 337
446 540
446 542
447 202
447 480
447 537
448 249
449 11
450 451
451 450
452 116
453 152
454 313
455 128
455 284
455 456
456 284
456 455
456 1347
457 458
458 457
458 461
458 933
458 1351
459 460
459 461
459 462
459 463
460 459
460 462
461 458
461 459
461 720
462 459
462 460
462 463
463 459
463 462
463 1055
463 1136
463 1386
464 14
465 466
465 467
465 468
466 465
467 465
468 158
468 298
468 465
468 523
468 914
468 1333
468 1358
468 1359
469 88
469 190
470 471
470 472
470 473
471 470
472 394
472 470
473 470
474 18
475 476
476 475
477 344
478 148
478 479
478 480
479 134
479 188
479 478
479 480
479 706
479 707
479 708
480 148
480 447
480 478
480 479
480 1040
481 16
482 386
483 61
483 210
483 435
484 122
484 485
485 82
485 83
485 87
485 484
485 768
485 1379
486 487
487 268
487 330
487 486
487 509
487 510
487 511
487 512
487 513
487 514
487 515
488 109
488 313
488 489
488 490
488 491
489 313
489 488
490 488
490 491
490 1331
491 488
491 490
492 14
493 14
494 495
495 494
496 16
497 498
498 497
499 500
499 501
500 499
500 501
500 1020
501 76
501 313
501 499
501 500
501 904
502 18
502 95
503 95
504 95
504 155
504 609
504 662
504 985
504 1331
505 152
506 271
507 342
508 14
509 487
510 487
511 487
512 487
513 190
513 487
514 487
515 109
515 487
515 1056
516 161
516 295
517 14
518 133
518 519
518 520
518 521
519 133
519 161
519 518
519 520
519 521
519 608
520 518
520 519
520 521
520 867
520 1193
520 1236
521 518
521 519
521 520
522 523
522 524
523 268
523 468
523 522
523 857
523 914
523 915
524 522
524 590
524 615
524 717
524 831
524 947
524 990
524 1056
524 1156
525 80
525 526
525 527
525 528
525 529
525 530
525 531
525 532
525 533
525 534
526 525
527 23
527 64
527 525
527 549
527 609
527 610
528 525
529 80
529 247
529 525
529 530
529 533
529 534
529 582
529 670
529 671
530 23
530 37
530 391
530 525
530 529
530 582
531 80
531 216
531 525
531 884
532 525
533 525
533 529
533 581
534 525
534 529
534 581
535 14
536 444
537 444
537 447
537 754
537 891
537 906
537 907
538 444
539 444
539 976
540 75
540 76
540 268
540 288
540 333
540 446
540 541
540 652
541 162
541 288
541 306
541 540
542 88
542 155
542 288
542 446
543 544
544 543
545 427
545 430
545 1051
545 1295
546 427
546 430
546 431
547 403
548 216
548 298
548 756
548 757
548 758
548 759
548 760
548 761
549 64
549 216
549 527
550 79
551 552
552 200
552 551
552 653
553 379
554 296
554 555
555 296
555 554
555 1302
556 298
557 298
557 669
557 1043
557 1066
557 1067
557 1068
557 1069
557 1070
558 243
558 298
559 298
560 298
561 298
562 298
562 644
562 1376
563 16
564 565
565 564
565 1098
566 14
567 568
567 569
568 567
568 1059
569 567
570 571
571 570
572 61
573 16
574 14
575 301
576 14
577 11
578 579
579 578
579 777
579 935
579 1065
579 1145
580 152
581 533
581 534
581 582
582 37
582 40
582 529
582 530
582 581
583 122
584 362
584 585
585 584
586 152
587 74
588 589
589 88
589 588
589 1132
589 1206
590 524
591 220
591 221
591 333
591 592
592 220
592 221
592 333
592 591
593 594
594 593
595 14
596 16
597 238
597 598
598 231
598 597
598 966
598 967
598 968
599 600
599 601
600 599
601 116
601 141
601 599
602 184
603 217
603 327
603 751
604 99
604 217
604 918
605 217
605 653
606 217
606 1084
606 1121
606 1189
607 6
607 217
607 1383
608 519
609 504
609 527
609 1323
610 527
610 1107
611 14
612 613
613 612
614 154
615 154
615 524
616 154
616 155
617 154
618 154
619 620
620 619
620 1078
620 1079
621 122
621 155
622 284
623 16
624 14
625 69
626 61
626 210
626 435
627 628
628 627
629 630
630 629
631 330
632 633
633 632
633 687
634 635
635 634
636 64
636 69
637 14
638 639
639 344
639 638
639 640
639 673
639 681
639 682
639 683
639 684
640 639
641 642
641 643
642 641
643 641
644 274
644 562
645 116
645 646
646 645
647 313
648 313
649 313
650 76
650 313
650 356
650 888
651 12
651 195
651 313
651 890
652 76
652 268
652 344
652 540
653 552
653 605
654 104
655 16
656 14
657 71
658 293
659 247
660 247
661 247
662 5
662 6
662 79
662 504
663 14
664 665
665 664
666 667
667 666
668 88
669 557
670 116
670 360
670 529
670 1118
671 23
671 529
672 673
673 134
673 639
673 672
673 764
673 1006
674 14
675 676
675 677
676 675
677 255
677 675
677 733
677 1234
677 1235
678 16
679 284
680 61
680 210
681 639
682 279
682 639
683 639
684 639
685 69
686 16
687 633
688 113
688 689
689 688
690 210
691 11
692 14
693 14
694 61
694 210
694 435
695 696
696 695
696 1018
697 116
698 699
699 698
699 892
699 978
700 16
701 99
701 702
702 381
702 701
703 704
704 124
704 703
705 14
706 124
706 146
706 306
706 479
707 148
707 479
708 479
709 344
710 61
711 116
711 712
712 711
713 61
714 210
714 249
714 435
715 716
716 715
716 757
716 955
716 956
717 524
718 428
718 719
719 718
719 766
719 767
720 461
721 293
722 137
722 279
722 408
723 724
724 723
725 293
726 727
726 728
726 729
727 221
727 726
727 729
728 726
729 726
729 727
729 1190
730 243
731 14
732 79
733 677
734 293
735 116
736 61
737 249
738 739
739 738
739 857
739 940
740 14
741 18
742 18
742 210
742 259
742 435
743 18
744 18
744 120
744 1019
745 18
746 78
746 79
747 748
748 747
749 750
750 749
751 603
751 846
751 936
752 148
753 754
754 397
754 537
754 753
754 922
755 122
756 548
757 548
757 716
758 548
759 548
760 548
761 548
762 763
763 762
763 988
763 1082
764 673
765 124
766 428
766 719
767 428
767 719
768 293
768 485
769 61
769 770
770 769
770 1003
770 1224
771 772
771 773
771 774
772 771
773 771
773 774
774 771
774 773
774 834
775 344
776 116
777 579
778 16
778 837
779 16
780 16
781 16
782 16
783 16
784 16
785 16
786 16
787 16
788 16
789 16
790 16
791 16
792 16
793 16
794 16
795 16
796 16
797 16
798 16
799 16
800 16
801 16
802 16
803 16
804 16
805 16
806 16
807 16
808 16
809 16
810 16
811 16
812 16
813 16
814 16
815 16
816 16
817 16
818 16
819 16
820 16
821 16
822 16
823 16
824 16
825 16
826 16
827 16
828 384
828 829
828 830
829 828
829 830
829 921
830 828
830 829
831 524
832 833
833 832
833 1086
834 774
835 116
836 88
836 124
836 316
837 778
838 124
839 64
839 235
839 876
840 55
841 55
841 344
842 843
843 842
844 845
845 844
846 751
847 14
848 849
849 146
849 306
849 848
850 851
851 850
852 853
852 854
853 852
854 852
855 14
856 857
857 523
857 739
857 856
857 1378
858 14
859 14
860 155
860 861
861 860
862 14
863 14
864 116
865 866
866 865
867 520
868 293
869 870
870 869
871 116
872 37
873 293
874 11
875 69
875 268
875 1006
876 268
876 327
876 839
876 923
877 268
878 79
878 109
878 158
879 79
880 79
880 1324
881 79
882 107
883 109
884 531
885 61
885 210
885 435
886 887
887 886
888 650
889 14
890 195
890 651
891 203
891 537
892 699
892 893
893 892
893 1022
894 14
895 14
896 124
897 124
898 124
898 1009
899 124
900 124
901 124
902 124
903 124
904 124
904 501
905 124
906 537
906 1037
906 1093
907 537
908 122
909 274
909 910
910 274
910 909
910 925
911 243
912 913
913 912
914 468
914 523
914 915
914 916
915 523
915 914
916 914
917 61
917 210
918 604
919 293
920 14
921 829
922 754
923 61
923 327
923 876
924 14
925 910
925 926
926 274
926 925
926 970
927 14
928 14
929 122
929 155
929 293
930 243
931 243
932 61
932 243
933 458
933 934
934 933
935 579
936 751
937 938
938 40
938 937
939 155
940 122
940 739
941 14
942 115
942 117
942 943
943 942
944 424
944 945
944 946
945 944
946 944
947 524
948 14
949 134
950 116
951 952
952 951
953 69
954 61
954 435
955 716
956 716
957 146
957 306
958 146
958 303
958 305
958 306
959 109
960 109
961 109
962 963
963 406
963 962
964 965
965 964
966 598
967 598
968 598
969 11
970 926
971 972
972 971
973 293
974 14
975 116
976 539
976 977
977 976
978 699
978 979
978 980
979 978
980 978
981 982
981 983
982 981
982 1048
982 1049
983 981
983 1048
983 1049
983 1340
984 985
985 504
985 984
986 116
987 122
988 763
989 293
990 524
991 61
992 77
993 190
994 14
995 116
996 231
997 998
998 997
998 1029
998 1030
998 1031
999 122
1000 141
1001 1002
1002 1001
1002 1155
1003 770
1004 1005
1005 1004
1006 673
1006 875
1006 1007
1007 69
1007 1006
1007 1030
1008 61
1009 898
1010 231
1011 344
1012 344
1013 344
1014 344
1015 344
1016 344
1017 14
1018 696
1019 120
1019 744
1019 1138
1019 1218
1020 500
1021 1022
1021 1023
1022 893
1022 1021
1023 1021
1024 295
1025 122
1026 14
1027 122
1028 152
1029 998
1030 998
1030 1007
1030 1073
1030 1215
1031 998
1032 14
1033 14
1034 184
1035 14
1036 1037
1036 1038
1037 203
1037 906
1037 1036
1038 1036
1039 194
1039 195
1039 1040
1040 194
1040 195
1040 480
1040 1039
1041 14
1042 122
1043 557
1044 11
1045 11
1046 11
1047 249
1048 982
1048 983
1049 982
1049 983
1050 203
1051 249
1051 545
1052 14
1053 1054
1054 1053
1055 463
1056 515
1056 524
1056 1057
1057 1056
1058 291
1059 568
1060 61
1060 210
1061 14
1062 1063
1062 1064
1063 1062
1064 1062
1064 1137
1064 1169
1064 1357
1065 579
1066 557
1067 557
1068 557
1069 557
1070 557
1071 122
1072 239
1073 1030
1074 128
1075 152
1076 69
1077 14
1078 620
1079 354
1079 620
1080 122
1081 305
1081 1167
1081 1168
1082 763
1083 231
1084 606
1085 61
1085 210
1086 833
1087 12
1088 61
1088 210
1089 195
1090 1091
1090 1092
1091 1090
1092 122
1092 1090
1093 906
1093 1184
1094 14
1095 61
1096 14
1097 77
1098 565
1099 1100
1099 1101
1100 1099
1101 1099
1102 259
1103 1104
1104 1103
1105 221
1105 1106
1106 1105
1107 610
1108 14
1109 1110
1110 1109
1110 1344
1111 1112
1112 1111
1112 1299
1113 200
1114 116
1115 122
1116 61
1117 381
1118 670
1118 1294
1119 306
1120 306
1120 1337
1121 606
1122 190
1123 14
1124 58
1124 418
1125 291
1126 158
1126 291
1126 1127
1127 291
1127 1126
1128 291
1129 291
1130 190
1130 392
1131 14
1132 589
1133 1134
1134 1133
1134 1139
1135 122
1136 463
1137 1064
1138 1019
1139 1134
1140 14
1141 61
1141 210
1142 14
1143 122
1143 318
1144 185
1145 579
1146 188
1147 152
1148 152
1149 152
1150 152
1151 152
1152 424
1152 425
1153 284
1154 333
1155 1002
1156 524
1157 14
1158 1159
1159 1158
1160 88
1161 88
1161 122
1161 249
1162 88
1162 122
1162 293
1163 88
1164 88
1165 88
1165 155
1165 293
1166 14
1167 1081
1168 1081
1169 1064
1170 116
1171 116
1172 116
1173 116
1174 116
1175 116
1176 1177
1177 1176
1177 1367
1178 1179
1179 1178
1180 1181
1181 1180
1182 99
1183 185
1184 1093
1185 122
1186 171
1187 139
1188 128
1189 606
1190 729
1191 14
1192 61
1192 435
1193 520
1194 14
1195 1196
1195 1197
1196 1195
1196 1197
1197 1195
1197 1196
1197 1204
1198 148
1199 148
1200 1201
1201 1200
1201 1380
1202 14
1203 311
1204 249
1204 1197
1205 122
1206 589
1207 14
1208 14
1209 155
1210 122
1211 23
1212 23
1213 190
1214 293
1215 69
1215 249
1215 1030
1215 1384
1216 293
1217 14
1218 1019
1219 155
1220 293
1221 293
1222 293
1223 293
1224 770
1225 14
1226 14
1227 190
1228 14
1229 14
1230 14
1231 200
1232 301
1233 104
1234 677
1235 677
1236 520
1236 1303
1237 14
1238 1239
1239 1238
1240 23
1241 23
1242 61
1243 210
1244 249
1245 14
1246 14
1247 14
1248 14
1249 14
1250 14
1251 14
1252 14
1253 14
1254 14
1255 14
1256 14
1257 14
1258 14
1259 14
1260 14
1261 14
1262 14
1263 14
1264 14
1265 14
1266 14
1267 14
1268 14
1269 14
1270 14
1271 14
1272 14
1273 14
1274 14
1275 14
1276 14
1277 14
1278 14
1279 14
1280 14
1281 14
1282 14
1283 14
1284 14
1285 14
1286 14
1287 14
1288 14
1289 14
1290 14
1291 14
1292 14
1293 14
1294 1118
1295 545
1296 122
1297 122
1298 122
1299 1112
1300 61
1300 210
1300 435
1301 139
1302 555
1302 1377
1303 1236
1304 61
1304 210
1304 435
1305 61
1305 210
1306 61
1307 61
1308 61
1309 61
1309 435
1310 61
1311 61
1311 210
1312 61
1312 210
1313 61
1313 210
1314 61
1315 61
1316 61
1317 61
1317 210
1318 61
1319 61
1319 210
1319 435
1320 61
1321 61
1322 184
1323 23
1323 64
1323 609
1324 231
1324 880
1325 231
1326 185
1327 185
1328 185
1329 1330
1330 1329
1331 490
1331 504
1332 137
1332 279
1333 468
1334 200
1335 77
1336 149
1336 210
1337 1120
1338 126
1338 1339
1339 155
1339 1338
1340 983
1341 1342
1341 1343
1342 1341
1342 1343
1343 1341
1343 1342
1344 1110
1345 1346
1346 1345
1347 284
1347 456
1348 284
1349 284
1350 279
1351 122
1351 458
1352 1353
1353 1352
1354 69
1355 69
1356 122
1357 1064
1358 468
1359 468
1360 1361
1361 1360
1362 1363
1363 1362
1364 155
1365 155
1366 122
1367 1177
1368 279
1369 190
1370 190
1371 117
1372 1373
1373 1372
1373 1374
1374 1373
1375 122
1376 562
1377 1302
1378 857
1379 485
1380 27
1380 28
1380 279
1380 1201
1381 141
1382 9
1383 607
1384 1215
1385 141
1386 463
