2642 3303
0 6
1 16
2 3
2 11
3 2
4 9
5 8
6 0
6 7
6 14
7 6
8 5
8 9
8 12
9 4
9 8
9 10
10 9
10 11
10 43
11 2
11 10
11 20
12 8
12 18
13 14
14 6
14 13
14 15
15 14
15 16
15 34
16 1
16 15
16 31
17 18
18 12
18 17
18 19
19 18
19 22
19 51
20 11
20 21
20 23
21 20
21 39
22 19
22 44
23 20
23 31
24 25
25 24
25 26
25 28
26 25
26 29
26 30
27 28
27 35
28 25
28 27
28 29
29 26
29 28
29 36
30 26
30 37
31 16
31 23
31 34
31 41
32 33
32 34
32 40
33 32
34 15
34 31
34 32
34 42
35 27
35 38
36 29
36 38
37 30
37 38
37 44
38 35
38 36
38 37
38 47
39 21
39 71
40 32
40 46
41 31
41 52
42 34
42 54
43 10
43 56
44 22
44 37
44 49
45 46
46 40
46 45
46 60
47 38
47 48
47 50
48 47
48 85
49 44
49 50
49 64
50 47
50 49
50 120
51 19
51 128
52 41
52 53
52 70
53 52
53 54
54 42
54 53
54 55
54 59
55 54
55 62
56 43
56 57
56 69
57 56
57 81
58 66
59 54
59 61
59 62
60 46
60 62
60 63
61 59
61 65
61 67
62 55
62 59
62 60
62 68
63 60
64 49
64 119
64 124
65 61
65 78
66 58
66 87
66 97
67 61
67 89
68 62
68 92
69 56
69 80
70 52
70 74
71 39
71 73
72 181
73 71
73 75
74 70
74 78
75 73
75 76
76 75
76 77
76 82
77 76
77 80
78 65
78 74
78 82
79 80
79 81
80 69
80 77
80 79
80 88
81 57
81 79
81 94
82 76
82 78
82 83
82 84
83 82
83 95
84 82
84 93
85 48
85 87
86 146
87 66
87 85
87 108
88 80
88 90
89 67
89 91
89 92
89 157
90 88
90 95
90 98
91 89
91 93
92 68
92 89
92 102
93 84
93 91
93 95
93 100
94 81
94 130
95 83
95 90
95 93
95 99
96 101
97 66
97 118
98 90
98 141
99 95
99 152
100 93
100 123
101 96
101 115
101 146
102 92
102 103
103 102
103 104
103 105
103 106
104 103
104 114
105 103
106 103
106 107
107 106
107 109
107 110
108 87
108 135
108 136
109 107
109 112
109 113
110 107
111 113
112 109
112 114
113 109
113 111
113 116
114 104
114 112
114 155
115 101
116 113
116 167
117 118
117 154
117 190
118 97
118 117
118 153
119 64
119 122
120 50
120 121
121 120
121 140
122 119
122 125
123 100
123 142
123 149
124 64
124 129
124 139
125 122
125 129
125 143
126 128
126 132
126 187
127 128
127 131
128 51
128 126
128 127
129 124
129 125
129 145
130 94
130 132
131 127
131 139
132 126
132 130
132 215
133 134
133 135
134 133
134 140
135 108
135 133
135 136
135 218
136 108
136 135
136 137
137 136
137 138
137 198
138 137
138 163
139 124
139 131
139 144
140 121
140 134
140 150
141 98
141 151
142 123
142 159
143 125
143 147
144 139
144 158
145 129
145 270
146 86
146 101
146 182
147 143
147 148
147 196
148 147
148 150
148 197
149 123
149 152
149 177
150 140
150 148
150 265
151 141
151 152
151 164
152 99
152 149
152 151
152 171
153 118
153 189
154 117
154 163
154 190
155 114
155 157
155 161
156 186
156 251
157 89
157 155
157 162
158 144
158 187
159 142
159 160
159 168
160 159
160 162
161 155
161 162
161 166
162 157
162 160
162 161
162 165
163 138
163 154
163 193
164 151
164 169
165 162
165 166
165 173
166 161
166 165
166 174
167 116
167 170
167 174
167 194
168 159
168 172
168 179
169 164
169 192
170 167
171 152
171 188
172 168
172 175
173 165
173 179
174 166
174 167
174 184
175 172
175 176
176 175
176 178
177 149
177 180
178 176
178 180
179 168
179 173
179 185
180 177
180 178
180 188
180 201
181 72
181 183
182 146
182 183
183 181
183 182
183 199
184 174
184 194
185 179
185 201
185 222
186 156
186 199
187 126
187 158
187 195
188 171
188 180
188 209
188 223
189 153
189 251
189 332
190 117
190 154
190 193
190 205
191 192
191 208
192 169
192 191
192 212
193 163
193 190
193 198
194 167
194 184
194 224
195 187
195 219
195 226
196 147
196 197
196 272
197 148
197 196
197 286
198 137
198 193
198 200
199 183
199 186
199 241
200 198
200 202
200 203
201 180
201 185
201 221
202 200
202 207
203 200
203 206
204 205
204 230
204 264
205 190
205 204
205 264
206 203
206 207
206 213
207 202
207 206
207 216
208 191
208 210
208 212
209 188
209 211
210 208
210 215
211 209
211 212
212 192
212 208
212 211
212 279
213 206
213 214
213 216
214 213
214 237
215 132
215 210
215 217
216 207
216 213
216 220
217 215
217 225
218 135
218 233
219 195
219 232
220 216
220 229
220 234
221 201
221 274
222 185
222 280
223 188
223 273
224 194
224 267
225 217
225 227
225 231
226 195
226 228
227 225
227 228
228 226
228 227
228 231
228 232
229 220
229 230
230 204
230 229
230 242
231 225
231 228
231 245
232 219
232 228
232 244
233 218
233 235
233 236
234 220
234 243
235 233
235 236
235 239
236 233
236 235
236 238
237 214
237 238
237 240
238 236
238 237
239 235
239 250
240 237
240 252
241 199
241 268
242 230
242 243
243 234
243 242
243 259
244 232
244 246
244 247
245 231
245 248
246 244
246 248
247 244
247 249
248 245
248 246
248 249
248 253
249 247
249 248
249 254
250 239
250 255
250 256
251 156
251 189
251 268
252 240
252 258
253 248
253 293
254 249
254 263
255 250
255 256
255 260
256 250
256 255
256 257
257 256
257 261
257 284
258 252
258 259
258 260
259 243
259 258
259 344
260 255
260 258
261 257
261 265
262 263
262 269
262 316
263 254
263 262
264 204
264 205
264 319
265 150
265 261
265 271
266 267
267 224
267 266
267 282
268 241
268 251
268 332
269 262
269 277
269 327
270 145
270 272
270 277
271 265
271 291
271 323
272 196
272 270
272 278
273 223
273 275
273 276
273 303
274 221
274 276
274 281
275 273
275 279
276 273
276 274
277 269
277 270
278 272
278 285
278 287
279 212
279 275
279 290
280 222
280 281
280 282
280 301
281 274
281 280
281 304
282 267
282 280
282 283
283 282
283 300
284 257
284 349
285 278
285 287
285 289
286 197
286 292
287 278
287 285
287 288
288 287
288 305
289 285
289 292
290 279
290 299
291 271
291 295
292 286
292 289
292 294
293 253
293 297
293 299
294 292
294 295
294 298
295 291
295 294
295 296
296 295
296 323
297 293
297 315
297 335
298 294
298 329
299 290
299 293
299 317
300 283
300 301
300 314
301 280
301 300
301 304
301 312
302 303
302 304
303 273
303 302
303 308
303 311
304 281
304 301
304 302
304 313
305 288
305 325
306 307
306 318
307 306
307 310
308 303
308 309
309 308
309 310
310 307
310 309
311 303
311 320
312 301
312 359
313 304
313 357
314 300
314 354
315 297
315 316
316 262
316 315
316 321
317 299
317 318
317 350
318 306
318 317
319 264
319 371
320 311
320 322
320 399
321 316
321 326
321 333
322 320
323 271
323 296
323 330
323 331
324 325
324 328
324 414
325 305
325 324
325 343
326 321
326 327
326 398
327 269
327 326
327 328
328 324
328 327
328 380
329 298
329 340
330 323
330 337
331 323
331 334
332 189
332 268
332 346
333 321
333 335
334 331
334 336
334 337
335 297
335 333
335 338
336 334
336 349
337 330
337 334
337 339
338 335
338 350
338 374
339 337
339 340
339 469
340 329
340 339
340 343
340 468
341 342
341 353
342 341
343 325
343 340
344 259
344 345
344 375
345 344
345 390
346 332
346 355
347 348
348 347
349 284
349 336
349 352
350 317
350 338
350 351
350 373
351 350
351 353
352 349
352 390
352 431
353 341
353 351
353 403
354 314
354 363
355 346
355 394
356 362
357 313
357 358
357 359
357 521
358 357
358 401
359 312
359 357
359 360
359 491
360 359
360 361
360 379
361 360
361 363
362 356
362 364
362 366
363 354
363 361
363 364
364 362
364 363
364 366
365 366
366 362
366 364
366 365
366 367
367 366
367 368
367 378
368 367
369 370
369 375
370 369
370 371
371 319
371 370
371 372
371 417
372 371
372 417
373 350
373 374
373 409
374 338
374 373
374 412
375 344
375 369
375 376
375 377
376 375
376 391
377 375
377 392
378 367
378 384
379 360
379 388
380 328
380 398
380 463
381 382
382 381
382 384
383 385
383 386
384 378
384 382
384 386
384 395
385 383
385 388
386 383
386 384
387 390
387 393
387 419
388 379
388 385
388 389
389 388
389 493
390 345
390 352
390 387
390 433
391 376
391 392
391 396
392 377
392 391
392 393
393 387
393 392
394 355
394 408
395 384
395 400
396 391
396 406
397 406
398 326
398 380
398 405
399 320
399 402
400 395
400 411
401 358
401 404
402 399
402 403
402 404
403 353
403 402
404 401
404 402
404 407
404 425
405 398
405 415
405 463
406 396
406 397
406 410
407 404
407 464
408 394
408 421
409 373
409 441
410 406
410 418
410 432
411 400
411 416
411 520
412 374
412 413
413 412
413 415
413 594
414 324
414 457
415 405
415 413
416 411
417 371
417 372
417 418
418 410
418 417
418 422
419 387
419 423
420 421
420 424
421 408
421 420
421 426
422 418
422 424
423 419
423 435
423 455
424 420
424 422
424 427
425 404
425 462
426 421
426 427
427 424
427 426
427 428
428 427
428 429
429 428
429 434
430 438
431 352
431 494
432 410
432 434
433 390
433 461
434 429
434 432
434 436
434 437
435 423
435 466
436 434
436 439
437 434
437 445
438 430
438 440
439 436
439 440
440 438
440 439
440 442
441 409
441 444
441 534
442 440
442 443
443 442
444 441
444 462
445 437
445 446
446 445
446 447
446 448
447 446
447 452
448 446
448 458
449 457
449 504
450 451
450 454
451 450
451 452
451 453
452 447
452 451
453 451
453 503
454 450
454 456
455 423
455 456
456 454
456 455
456 459
457 414
457 449
457 547
458 448
459 456
459 460
460 459
460 467
461 433
461 477
461 487
462 425
462 444
462 465
463 380
463 405
463 513
464 407
464 523
465 462
465 524
466 435
466 470
467 460
467 470
468 340
468 469
468 536
469 339
469 468
469 535
470 466
470 467
470 471
470 473
471 470
471 474
472 475
472 476
473 470
473 484
474 471
474 476
475 472
475 477
476 472
476 474
476 478
477 461
477 475
477 479
478 476
478 480
479 477
479 482
480 478
480 481
481 480
481 482
482 479
482 481
482 483
482 485
483 482
483 488
484 473
484 499
485 482
485 486
486 485
486 492
487 461
487 489
488 483
488 489
489 487
489 488
489 490
490 489
490 497
491 359
491 496
492 486
492 506
493 389
493 496
494 431
494 502
494 529
494 558
495 498
495 502
496 491
496 493
496 500
496 501
497 490
497 505
498 495
498 506
499 484
499 503
500 496
500 507
501 496
501 516
502 494
502 495
502 509
503 453
503 499
503 526
504 449
504 556
505 497
505 510
506 492
506 498
506 511
507 500
507 519
508 524
509 502
509 510
510 505
510 509
510 511
510 515
511 506
511 510
512 522
512 526
513 463
513 588
514 521
514 523
515 510
515 557
516 501
516 517
516 520
516 531
517 516
517 519
518 519
518 521
519 507
519 517
519 518
519 528
520 411
520 516
520 533
521 357
521 514
521 518
522 512
523 464
523 514
523 539
524 465
524 508
524 538
525 526
526 503
526 512
526 525
527 575
528 519
528 532
529 494
529 537
530 534
531 516
531 623
532 528
532 541
533 520
533 616
534 441
534 530
534 566
535 469
535 536
535 537
536 468
536 535
536 548
537 529
537 535
537 564
538 524
538 545
538 551
539 523
539 540
539 542
540 539
540 545
540 595
541 532
541 544
542 539
542 543
543 542
543 544
544 541
544 543
544 546
545 538
545 540
545 573
546 544
546 552
547 457
547 553
548 536
548 549
548 550
549 548
549 593
549 603
550 548
550 555
551 538
551 563
551 576
552 546
552 592
553 547
553 554
553 555
554 553
554 578
555 550
555 553
555 591
556 504
556 577
557 515
557 561
558 494
558 559
558 565
559 558
559 560
559 571
560 559
560 561
561 557
561 560
561 562
562 561
562 568
563 551
563 566
564 537
564 565
564 638
565 558
565 564
566 534
566 563
566 569
566 580
567 569
567 576
568 562
568 570
569 566
569 567
569 579
570 568
570 571
570 572
571 559
571 570
572 570
572 574
573 545
573 609
573 625
574 572
574 648
575 527
575 652
576 551
576 567
576 605
577 556
577 581
578 554
578 581
579 569
579 607
580 566
580 583
581 577
581 578
581 582
581 590
582 581
582 585
582 586
583 580
583 584
584 583
584 601
584 607
585 582
585 588
586 582
586 587
586 608
587 586
587 590
588 513
588 585
588 597
589 590
589 591
590 581
590 587
590 589
590 658
591 555
591 589
591 613
592 552
592 599
593 549
593 603
593 610
594 413
594 596
594 597
595 540
595 600
596 594
596 598
597 588
597 594
598 596
598 601
598 678
599 592
599 600
599 604
600 595
600 599
600 602
601 584
601 598
602 600
602 611
603 549
603 593
603 635
604 599
604 612
605 576
605 606
605 609
605 659
606 605
606 607
607 579
607 584
607 606
607 734
608 586
608 657
609 573
609 605
609 625
610 593
610 613
611 602
611 621
612 604
612 614
613 591
613 610
613 637
614 612
614 619
615 616
616 533
616 615
616 622
617 619
617 621
618 619
618 624
619 614
619 617
619 618
619 620
620 619
620 627
621 611
621 617
621 628
622 616
622 623
622 632
623 531
623 622
623 624
624 618
624 623
625 573
625 609
625 626
625 672
626 625
626 628
627 620
627 629
628 621
628 626
628 630
628 636
629 627
629 633
630 628
630 634
631 632
632 622
632 631
632 647
633 629
633 634
634 630
634 633
634 642
635 603
635 640
636 628
636 641
637 613
637 669
638 564
638 639
638 643
638 656
639 638
639 651
640 635
640 643
640 660
641 636
641 644
642 634
642 644
643 638
643 640
644 641
644 642
644 645
644 646
645 644
645 671
646 644
646 670
647 632
647 684
647 689
648 574
648 649
649 648
649 650
649 652
649 653
650 649
650 651
651 639
651 650
651 655
652 575
652 649
653 649
653 654
654 653
654 661
655 651
655 662
656 638
656 667
657 608
657 682
658 590
658 692
659 605
659 664
659 673
660 640
660 666
660 669
661 654
661 663
662 655
662 663
663 661
663 662
663 665
664 659
665 663
665 695
666 660
666 667
666 668
667 656
667 666
667 759
668 666
668 707
669 637
669 660
669 681
670 646
670 690
671 645
671 686
672 625
672 674
673 659
673 754
674 672
674 675
675 674
675 676
676 675
676 685
677 679
678 598
678 679
678 705
679 677
679 678
679 682
679 706
680 681
680 692
681 669
681 680
681 725
682 657
682 679
682 703
683 684
684 647
684 683
684 689
684 694
685 676
685 688
686 671
686 688
687 689
687 690
688 685
688 686
688 691
689 647
689 684
689 687
689 693
690 670
690 687
690 715
691 688
691 697
692 658
692 680
692 723
693 689
693 745
694 684
694 763
695 665
695 701
696 700
697 691
697 704
698 699
698 735
699 698
699 701
700 696
700 701
701 695
701 699
701 700
701 702
702 701
702 727
703 682
703 708
703 711
704 697
704 710
705 678
705 706
705 718
706 679
706 705
706 711
707 668
707 713
708 703
708 716
709 710
709 717
710 704
710 709
710 714
711 703
711 706
711 712
711 719
712 711
712 716
713 707
713 722
714 710
714 764
715 690
715 717
715 755
716 708
716 712
716 720
717 709
717 715
718 705
718 728
719 711
719 733
720 716
720 721
721 720
721 726
722 713
722 784
723 692
723 724
723 741
724 723
724 725
725 681
725 724
725 794
726 721
726 737
727 702
727 730
728 718
728 729
728 733
729 728
729 732
730 727
730 735
730 739
731 732
731 734
732 729
732 731
732 753
733 719
733 728
733 736
733 742
734 607
734 731
734 756
735 698
735 730
735 747
736 733
736 737
737 726
737 736
737 738
737 740
738 737
738 741
739 730
739 800
740 737
740 743
741 723
741 738
741 785
742 733
742 746
743 740
743 744
744 743
744 748
745 693
745 749
746 742
746 748
747 735
747 752
747 790
748 744
748 746
748 750
749 745
749 751
750 748
750 786
751 749
751 787
752 747
752 759
753 732
753 795
754 673
754 757
755 715
755 780
755 781
756 734
756 760
756 796
757 754
757 758
757 766
758 757
758 761
759 667
759 752
759 768
760 756
760 761
761 758
761 760
761 775
762 763
763 694
763 762
763 789
764 714
764 770
765 767
765 779
766 757
766 767
766 769
767 765
767 766
768 759
768 782
768 821
769 766
769 771
770 764
770 772
771 769
771 772
772 770
772 771
772 773
772 774
773 772
773 778
774 772
774 811
775 761
775 777
776 777
776 783
777 775
777 776
777 778
778 773
778 777
779 765
779 780
780 755
780 779
780 781
780 788
781 755
781 780
781 787
781 807
782 768
782 784
782 820
783 776
783 798
784 722
784 782
784 793
785 741
785 815
786 750
786 812
787 751
787 781
787 791
787 808
788 780
788 806
789 763
789 792
789 861
790 747
790 809
791 787
791 792
792 789
792 791
792 880
793 784
793 805
794 725
794 805
794 814
795 753
795 797
796 756
796 813
797 795
797 813
798 783
798 826
799 802
800 739
800 803
801 803
801 810
802 799
802 803
803 800
803 801
803 802
803 804
804 803
804 823
805 793
805 794
805 814
805 824
806 788
806 838
807 781
807 854
808 787
808 860
809 790
809 810
809 822
810 801
810 809
811 774
811 838
812 786
812 818
812 843
813 796
813 797
813 825
814 794
814 805
814 824
814 828
815 785
815 816
815 839
816 815
816 817
816 886
817 816
817 887
818 812
818 819
819 818
819 841
819 844
820 782
820 873
821 768
821 833
822 809
822 833
823 804
823 940
824 805
824 814
824 864
825 813
825 827
826 798
826 827
827 825
827 826
827 829
827 830
828 814
828 839
829 827
829 834
830 827
830 831
831 830
831 832
831 961
832 831
832 842
833 821
833 822
833 875
834 829
834 835
835 834
835 836
835 837
836 835
836 870
837 835
837 970
838 806
838 811
838 840
838 842
839 815
839 828
839 868
839 879
840 838
840 842
840 850
841 819
841 848
842 832
842 838
842 840
842 947
843 812
843 845
844 819
844 853
844 908
845 843
845 846
845 847
846 845
846 906
847 845
847 859
848 841
848 852
848 863
849 850
849 851
850 840
850 849
850 974
851 849
851 854
852 848
852 853
853 844
853 852
853 867
853 910
854 807
854 851
854 855
854 866
855 854
855 902
856 857
857 856
857 858
858 857
858 861
859 847
859 862
859 872
860 808
860 866
861 789
861 858
861 876
862 859
862 863
863 848
863 862
863 865
864 824
864 890
864 894
865 863
865 877
865 913
866 854
866 860
866 878
867 853
867 913
868 839
868 869
868 879
868 920
869 868
869 891
870 836
870 882
871 873
871 894
872 859
872 874
873 820
873 871
873 896
873 967
874 872
874 877
875 833
875 881
875 885
876 861
876 900
877 865
877 874
878 866
878 883
878 892
879 839
879 868
879 886
880 792
880 900
881 875
881 888
882 870
882 884
882 903
883 878
883 899
883 902
884 882
884 908
885 875
885 898
886 816
886 879
886 889
887 817
887 893
888 881
888 897
889 886
889 909
890 864
890 891
890 894
890 904
891 869
891 890
891 904
892 878
892 901
893 887
894 864
894 871
894 890
894 905
895 897
895 938
896 873
896 898
897 888
897 895
897 898
897 930
898 885
898 896
898 897
898 932
899 883
899 911
900 876
900 880
900 901
900 1048
901 892
901 900
902 855
902 883
902 907
902 914
903 882
903 917
904 890
904 891
904 905
904 921
905 894
905 904
905 923
906 846
906 912
907 902
907 911
908 844
908 884
908 910
908 919
909 889
909 912
910 853
910 908
910 926
911 899
911 907
911 972
912 906
912 909
912 915
912 916
913 865
913 867
913 929
914 902
914 958
915 912
915 918
916 912
916 922
917 903
917 924
918 915
918 929
919 908
919 924
920 868
920 978
921 904
921 928
922 916
922 933
923 905
923 928
924 917
924 919
924 925
924 927
925 924
925 960
926 910
926 929
927 924
927 936
928 921
928 923
928 987
929 913
929 918
929 926
929 931
930 897
930 932
931 929
931 934
931 935
931 953
932 898
932 930
932 964
933 922
933 962
934 931
934 948
935 931
935 937
936 927
936 939
937 935
937 939
938 895
938 945
939 936
939 937
939 941
939 943
940 823
940 944
941 939
941 960
942 944
942 980
943 939
943 951
944 940
944 942
944 945
944 946
945 938
945 944
946 944
946 998
947 842
947 959
948 934
948 950
949 950
949 952
950 948
950 949
950 951
950 954
951 943
951 950
952 949
952 956
953 931
953 955
954 950
954 1022
955 953
955 956
956 952
956 955
956 957
957 956
957 968
958 914
958 971
959 947
959 961
959 973
960 925
960 941
960 992
960 1013
961 831
961 959
961 969
962 933
962 963
962 978
963 962
963 966
964 932
964 965
965 964
965 983
966 963
966 975
967 873
967 982
968 957
968 975
969 961
969 984
970 837
970 984
971 958
971 1023
972 911
972 1078
973 959
973 1006
974 850
974 1023
975 966
975 968
975 976
975 977
976 975
976 1082
977 975
977 1037
978 920
978 962
978 994
979 980
980 942
980 979
980 991
981 983
981 990
982 967
982 986
982 1007
982 1008
983 965
983 981
983 989
983 1021
984 969
984 970
984 985
985 984
985 992
986 982
986 990
986 1019
987 928
987 1033
988 989
988 993
989 983
989 988
990 981
990 986
990 1015
991 980
991 1016
991 1053
992 960
992 985
992 996
992 1010
993 988
993 997
993 1005
994 978
994 1004
994 1028
995 1006
995 1024
996 992
996 1060
997 993
997 999
998 946
998 1000
999 997
999 1000
1000 998
1000 999
1000 1001
1000 1002
1001 1000
1001 1052
1002 1000
1002 1051
1003 1004
1003 1030
1004 994
1004 1003
1004 1028
1005 993
1005 1009
1006 973
1006 995
1006 1060
1006 1143
1007 982
1007 1008
1007 1036
1008 982
1008 1007
1008 1019
1008 1043
1009 1005
1009 1034
1010 992
1010 1014
1011 1012
1011 1026
1012 1011
1012 1014
1013 960
1013 1026
1014 1010
1014 1012
1014 1203
1015 990
1015 1018
1015 1020
1016 991
1016 1017
1016 1054
1017 1016
1018 1015
1018 1021
1019 986
1019 1008
1019 1020
1019 1042
1020 1015
1020 1019
1020 1046
1021 983
1021 1018
1021 1148
1022 954
1022 1025
1022 1047
1022 1075
1023 971
1023 974
1023 1024
1023 1027
1024 995
1024 1023
1024 1187
1025 1022
1025 1026
1026 1011
1026 1013
1026 1025
1027 1023
1027 1078
1027 1212
1028 994
1028 1004
1028 1029
1029 1028
1029 1031
1030 1003
1030 1032
1031 1029
1031 1035
1031 1056
1032 1030
1032 1061
1033 987
1033 1038
1033 1061
1034 1009
1034 1072
1035 1031
1035 1044
1036 1007
1036 1041
1037 977
1037 1044
1038 1033
1038 1039
1039 1038
1039 1041
1040 1045
1040 1058
1041 1036
1041 1039
1042 1019
1042 1088
1043 1008
1043 1139
1044 1035
1044 1037
1044 1050
1044 1055
1045 1040
1045 1048
1045 1062
1046 1020
1046 1088
1047 1022
1047 1086
1048 900
1048 1045
1048 1049
1048 1062
1049 1048
1049 1078
1050 1044
1050 1065
1051 1002
1051 1059
1052 1001
1052 1064
1053 991
1053 1063
1054 1016
1054 1096
1055 1044
1055 1140
1056 1031
1056 1057
1056 1070
1057 1056
1057 1067
1058 1040
1059 1051
1059 1068
1060 996
1060 1006
1060 1143
1061 1032
1061 1033
1061 1071
1061 1101
1062 1045
1062 1048
1062 1094
1063 1053
1063 1069
1064 1052
1064 1069
1065 1050
1065 1067
1066 1068
1066 1069
1067 1057
1067 1065
1067 1077
1068 1059
1068 1066
1068 1076
1069 1063
1069 1064
1069 1066
1069 1093
1070 1056
1070 1080
1070 1109
1071 1061
1071 1080
1072 1034
1072 1073
1073 1072
1073 1074
1073 1132
1074 1073
1074 1081
1075 1022
1075 1306
1076 1068
1076 1079
1077 1067
1077 1110
1078 972
1078 1027
1078 1049
1078 1131
1079 1076
1079 1084
1080 1070
1080 1071
1080 1117
1081 1074
1081 1083
1082 976
1082 1089
1082 1108
1083 1081
1083 1084
1084 1079
1084 1083
1084 1085
1085 1084
1085 1087
1086 1047
1086 1089
1086 1311
1087 1085
1087 1095
1088 1042
1088 1046
1088 1141
1089 1082
1089 1086
1089 1108
1090 1091
1090 1092
1091 1090
1091 1100
1092 1090
1092 1093
1093 1069
1093 1092
1093 1098
1094 1062
1094 1106
1094 1119
1095 1087
1095 1099
1096 1054
1096 1097
1096 1144
1097 1096
1097 1100
1097 1156
1098 1093
1098 1102
1098 1152
1099 1095
1099 1105
1100 1091
1100 1097
1100 1153
1101 1061
1101 1103
1102 1098
1102 1104
1103 1101
1103 1139
1104 1102
1104 1105
1105 1099
1105 1104
1105 1107
1106 1094
1106 1202
1107 1105
1107 1116
1108 1082
1108 1089
1108 1164
1108 1355
1109 1070
1109 1111
1110 1077
1110 1111
1111 1109
1111 1110
1111 1112
1111 1114
1112 1111
1112 1113
1112 1114
1113 1112
1113 1133
1114 1111
1114 1112
1114 1115
1115 1114
1115 1120
1116 1107
1116 1121
1117 1080
1117 1130
1118 1134
1118 1136
1119 1094
1119 1131
1120 1115
1120 1123
1121 1116
1121 1122
1122 1121
1122 1126
1122 1137
1123 1120
1123 1124
1123 1125
1124 1123
1124 1128
1125 1123
1125 1127
1126 1122
1126 1158
1127 1125
1127 1133
1127 1138
1128 1124
1128 1149
1129 1130
1129 1142
1130 1117
1130 1129
1130 1134
1130 1146
1131 1078
1131 1119
1131 1150
1132 1073
1132 1151
1133 1113
1133 1127
1133 1174
1133 1199
1134 1118
1134 1130
1134 1135
1134 1181
1135 1134
1135 1136
1136 1118
1136 1135
1136 1160
1137 1122
1137 1183
1138 1127
1138 1142
1139 1043
1139 1103
1139 1141
1139 1162
1140 1055
1140 1167
1141 1088
1141 1139
1141 1147
1142 1129
1142 1138
1142 1154
1143 1006
1143 1060
1143 1194
1144 1096
1144 1156
1144 1165
1145 1166
1146 1130
1146 1155
1147 1141
1147 1148
1147 1218
1148 1021
1148 1147
1148 1151
1148 1224
1149 1128
1149 1155
1150 1131
1150 1198
1150 1210
1151 1132
1151 1148
1151 1157
1151 1169
1152 1098
1152 1153
1152 1196
1153 1100
1153 1152
1153 1156
1153 1225
1154 1142
1154 1178
1154 1206
1155 1146
1155 1149
1155 1159
1155 1161
1156 1097
1156 1144
1156 1153
1157 1151
1157 1192
1158 1126
1158 1171
1159 1155
1159 1179
1160 1136
1160 1163
1160 1166
1161 1155
1161 1168
1162 1139
1162 1163
1163 1160
1163 1162
1163 1250
1164 1108
1164 1170
1165 1144
1165 1197
1165 1217
1166 1145
1166 1160
1166 1213
1167 1140
1167 1170
1168 1161
1168 1178
1168 1180
1169 1151
1169 1173
1170 1164
1170 1167
1170 1175
1170 1177
1171 1158
1171 1172
1172 1171
1172 1173
1173 1169
1173 1172
1173 1176
1174 1133
1174 1175
1175 1170
1175 1174
1175 1182
1176 1173
1176 1242
1177 1170
1177 1182
1177 1185
1178 1154
1178 1168
1178 1186
1178 1205
1179 1159
1179 1184
1180 1168
1180 1181
1181 1134
1181 1180
1181 1186
1181 1209
1182 1175
1182 1177
1182 1200
1183 1137
1183 1188
1184 1179
1184 1193
1185 1177
1185 1211
1185 1214
1186 1178
1186 1181
1186 1201
1187 1024
1187 1232
1188 1183
1188 1189
1188 1191
1188 1195
1189 1188
1189 1190
1190 1189
1190 1196
1191 1188
1191 1192
1192 1157
1192 1191
1192 1216
1193 1184
1193 1207
1194 1143
1194 1204
1195 1188
1195 1237
1196 1152
1196 1190
1196 1247
1197 1165
1197 1217
1197 1225
1198 1150
1198 1208
1199 1133
1199 1206
1200 1182
1200 1297
1201 1186
1201 1227
1202 1106
1202 1208
1202 1223
1203 1014
1203 1215
1203 1222
1204 1194
1204 1240
1204 1252
1205 1178
1205 1206
1205 1228
1206 1154
1206 1199
1206 1205
1206 1229
1207 1193
1207 1230
1208 1198
1208 1202
1208 1310
1209 1181
1209 1219
1210 1150
1210 1269
1211 1185
1211 1349
1212 1027
1212 1271
1213 1166
1213 1219
1214 1185
1214 1348
1215 1203
1215 1220
1215 1536
1216 1192
1216 1244
1217 1165
1217 1197
1217 1318
1218 1147
1218 1224
1218 1231
1218 1254
1219 1209
1219 1213
1219 1248
1220 1215
1220 1240
1221 1223
1222 1203
1222 1238
1223 1202
1223 1221
1223 1414
1224 1148
1224 1218
1224 1241
1224 1254
1225 1153
1225 1197
1225 1233
1226 1227
1226 1228
1227 1201
1227 1226
1227 1234
1228 1205
1228 1226
1228 1229
1228 1282
1229 1206
1229 1228
1229 1280
1230 1207
1230 1236
1231 1218
1231 1253
1232 1187
1232 1255
1232 1267
1233 1225
1233 1235
1233 1314
1234 1227
1234 1236
1235 1233
1235 1259
1235 1301
1236 1230
1236 1234
1236 1239
1236 1249
1237 1195
1237 1243
1238 1222
1238 1257
1238 1272
1239 1236
1239 1248
1240 1204
1240 1220
1240 1252
1240 1266
1241 1224
1241 1263
1242 1176
1242 1258
1243 1237
1243 1245
1243 1256
1244 1216
1244 1245
1245 1243
1245 1244
1246 1247
1246 1251
1247 1196
1247 1246
1247 1274
1248 1219
1248 1239
1248 1250
1249 1236
1249 1275
1250 1163
1250 1248
1250 1253
1250 1298
1251 1246
1251 1261
1252 1204
1252 1240
1252 1255
1252 1286
1253 1231
1253 1250
1253 1323
1254 1218
1254 1224
1254 1328
1255 1232
1255 1252
1255 1267
1256 1243
1256 1302
1257 1238
1257 1306
1258 1242
1258 1264
1259 1235
1259 1260
1260 1259
1260 1261
1260 1262
1261 1251
1261 1260
1262 1260
1262 1273
1263 1241
1263 1264
1264 1258
1264 1263
1264 1265
1265 1264
1265 1284
1266 1240
1266 1285
1267 1232
1267 1255
1267 1268
1267 1279
1268 1267
1268 1271
1269 1210
1269 1270
1269 1276
1269 1494
1270 1269
1270 1271
1270 1444
1271 1212
1271 1268
1271 1270
1272 1238
1272 1436
1273 1262
1273 1277
1274 1247
1274 1283
1275 1249
1275 1287
1276 1269
1276 1310
1277 1273
1277 1278
1277 1283
1278 1277
1278 1301
1278 1321
1279 1267
1279 1292
1280 1229
1280 1281
1280 1282
1280 1345
1281 1280
1281 1296
1282 1228
1282 1280
1282 1294
1282 1346
1283 1274
1283 1277
1283 1316
1284 1265
1284 1293
1285 1266
1285 1288
1286 1252
1286 1288
1287 1275
1287 1289
1287 1304
1288 1285
1288 1286
1288 1290
1288 1541
1289 1287
1289 1303
1290 1288
1290 1291
1291 1290
1291 1292
1292 1279
1292 1291
1292 1404
1293 1284
1293 1295
1293 1299
1294 1282
1294 1334
1295 1293
1295 1315
1296 1281
1296 1300
1296 1312
1297 1200
1297 1300
1298 1250
1298 1305
1299 1293
1299 1326
1300 1296
1300 1297
1300 1312
1301 1235
1301 1278
1301 1314
1301 1357
1302 1256
1302 1317
1303 1289
1303 1305
1304 1287
1304 1324
1305 1298
1305 1303
1305 1307
1305 1313
1306 1075
1306 1257
1306 1309
1307 1305
1307 1325
1308 1309
1308 1311
1309 1306
1309 1308
1309 1438
1310 1208
1310 1276
1310 1409
1311 1086
1311 1308
1311 1355
1312 1296
1312 1300
1312 1343
1312 1367
1313 1305
1313 1434
1314 1233
1314 1301
1314 1320
1314 1359
1315 1295
1316 1283
1316 1317
1317 1302
1317 1316
1317 1322
1318 1217
1318 1319
1319 1318
1319 1320
1319 1362
1320 1314
1320 1319
1321 1278
1321 1360
1322 1317
1322 1369
1323 1253
1323 1330
1324 1304
1324 1341
1325 1307
1325 1331
1326 1299
1326 1339
1327 1329
1327 1331
1328 1254
1328 1336
1329 1327
1329 1330
1330 1323
1330 1329
1330 1332
1330 1337
1331 1325
1331 1327
1331 1351
1332 1330
1332 1333
1333 1332
1333 1335
1334 1294
1334 1341
1335 1333
1335 1336
1336 1328
1336 1335
1336 1338
1337 1330
1337 1433
1338 1336
1338 1347
1339 1326
1339 1340
1339 1342
1339 1350
1340 1339
1340 1371
1341 1324
1341 1334
1341 1353
1342 1339
1342 1347
1343 1312
1343 1345
1344 1345
1344 1352
1345 1280
1345 1343
1345 1344
1345 1358
1346 1282
1346 1368
1347 1338
1347 1342
1348 1214
1348 1349
1348 1382
1349 1211
1349 1348
1349 1354
1349 1440
1350 1339
1350 1401
1351 1331
1351 1431
1352 1344
1352 1363
1353 1341
1353 1400
1354 1349
1354 1355
1354 1439
1355 1108
1355 1311
1355 1354
1356 1359
1356 1362
1357 1301
1357 1359
1357 1360
1357 1372
1358 1345
1358 1365
1359 1314
1359 1356
1359 1357
1359 1378
1360 1321
1360 1357
1361 1362
1362 1319
1362 1356
1362 1361
1362 1370
1363 1352
1363 1364
1364 1363
1364 1368
1365 1358
1365 1366
1366 1365
1366 1367
1367 1312
1367 1366
1367 1393
1368 1346
1368 1364
1368 1403
1369 1322
1369 1373
1370 1362
1370 1376
1370 1384
1371 1340
1371 1385
1372 1357
1372 1379
1373 1369
1373 1374
1373 1375
1374 1373
1374 1383
1375 1373
1375 1380
1376 1370
1376 1381
1376 1395
1377 1379
1377 1387
1378 1359
1378 1379
1378 1381
1379 1372
1379 1377
1379 1378
1380 1375
1380 1385
1381 1376
1381 1378
1381 1420
1382 1348
1382 1388
1383 1374
1383 1386
1384 1370
1384 1397
1384 1425
1385 1371
1385 1380
1385 1390
1386 1383
1386 1389
1387 1377
1387 1389
1388 1382
1388 1393
1388 1429
1389 1386
1389 1387
1389 1391
1389 1392
1390 1385
1390 1402
1391 1389
1391 1396
1392 1389
1392 1394
1393 1367
1393 1388
1393 1408
1394 1392
1394 1503
1395 1376
1395 1399
1396 1391
1396 1407
1397 1384
1397 1398
1398 1397
1398 1399
1398 1479
1399 1395
1399 1398
1399 1420
1400 1353
1400 1405
1401 1350
1401 1411
1402 1390
1402 1406
1403 1368
1403 1405
1404 1292
1404 1512
1405 1400
1405 1403
1405 1416
1405 1422
1406 1402
1406 1407
1406 1413
1406 1419
1407 1396
1407 1406
1408 1393
1408 1415
1409 1310
1409 1414
1409 1539
1410 1411
1410 1413
1411 1401
1411 1410
1411 1412
1412 1411
1412 1418
1413 1406
1413 1410
1414 1223
1414 1409
1414 1417
1415 1408
1415 1424
1415 1426
1416 1405
1416 1434
1417 1414
1417 1421
1417 1538
1418 1412
1418 1423
1418 1478
1419 1406
1419 1491
1420 1381
1420 1399
1420 1476
1421 1417
1422 1405
1422 1448
1423 1418
1423 1462
1424 1415
1424 1427
1425 1384
1425 1477
1426 1415
1426 1428
1426 1459
1427 1424
1427 1428
1427 1429
1427 1442
1428 1426
1428 1427
1429 1388
1429 1427
1429 1430
1430 1429
1430 1437
1430 1510
1431 1351
1431 1432
1431 1434
1431 1453
1432 1431
1433 1337
1433 1443
1434 1313
1434 1416
1434 1431
1434 1445
1435 1446
1436 1272
1436 1528
1437 1430
1437 1441
1438 1309
1438 1567
1439 1354
1439 1455
1440 1349
1440 1457
1441 1437
1441 1482
1442 1427
1442 1535
1443 1433
1443 1447
1444 1270
1444 1504
1445 1434
1445 1450
1446 1435
1446 1447
1447 1443
1447 1446
1447 1452
1447 1460
1448 1422
1448 1458
1449 1450
1449 1465
1450 1445
1450 1449
1450 1451
1450 1454
1451 1450
1451 1461
1452 1447
1452 1463
1453 1431
1453 1464
1454 1450
1454 1544
1455 1439
1455 1456
1455 1481
1456 1455
1456 1475
1457 1440
1457 1470
1457 1475
1458 1448
1458 1459
1458 1461
1458 1467
1459 1426
1459 1458
1460 1447
1460 1468
1461 1451
1461 1458
1462 1423
1462 1469
1463 1452
1463 1464
1464 1453
1464 1463
1464 1465
1464 1466
1465 1449
1465 1464
1466 1464
1466 1529
1467 1458
1467 1548
1468 1460
1468 1474
1469 1462
1469 1471
1469 1472
1469 1484
1470 1457
1470 1482
1470 1572
1471 1469
1471 1490
1472 1469
1472 1473
1473 1472
1473 1474
1474 1468
1474 1473
1474 1480
1475 1456
1475 1457
1475 1576
1476 1420
1476 1479
1476 1497
1477 1425
1477 1486
1478 1418
1478 1488
1479 1398
1479 1476
1480 1474
1480 1587
1481 1455
1481 1570
1482 1441
1482 1470
1482 1492
1483 1485
1484 1469
1484 1581
1485 1483
1485 1486
1486 1477
1486 1485
1486 1487
1486 1489
1487 1486
1487 1515
1488 1478
1488 1490
1488 1493
1489 1486
1489 1579
1490 1471
1490 1488
1491 1419
1491 1495
1492 1482
1492 1523
1492 1573
1493 1488
1493 1508
1494 1269
1494 1532
1495 1491
1495 1498
1495 1502
1496 1498
1496 1500
1497 1476
1497 1514
1498 1495
1498 1496
1498 1506
1499 1500
1499 1501
1499 1509
1500 1496
1500 1499
1501 1499
1501 1522
1502 1495
1502 1505
1503 1394
1503 1517
1504 1444
1504 1511
1504 1532
1505 1502
1505 1507
1506 1498
1506 1524
1507 1505
1507 1508
1507 1521
1508 1493
1508 1507
1509 1499
1509 1525
1510 1430
1510 1523
1510 1533
1510 1561
1511 1504
1511 1519
1512 1404
1512 1519
1512 1543
1512 1569
1513 1514
1513 1516
1514 1497
1514 1513
1514 1515
1514 1527
1515 1487
1515 1514
1516 1513
1516 1518
1517 1503
1517 1518
1517 1520
1517 1526
1518 1516
1518 1517
1519 1511
1519 1512
1519 1569
1520 1517
1520 1522
1521 1507
1521 1562
1522 1501
1522 1520
1523 1492
1523 1510
1524 1506
1524 1525
1524 1560
1524 1564
1525 1509
1525 1524
1525 1605
1526 1517
1526 1547
1527 1514
1527 1558
1528 1436
1528 1531
1529 1466
1529 1544
1529 1615
1530 1531
1530 1536
1531 1528
1531 1530
1531 1588
1532 1494
1532 1504
1532 1534
1533 1510
1533 1535
1534 1532
1534 1545
1534 1549
1535 1442
1535 1533
1535 1554
1536 1215
1536 1530
1536 1540
1536 1589
1537 1538
1538 1417
1538 1537
1538 1539
1538 1719
1539 1409
1539 1538
1539 1542
1540 1536
1540 1541
1541 1288
1541 1540
1541 1543
1541 1591
1542 1539
1542 1546
1542 1590
1543 1512
1543 1541
1544 1454
1544 1529
1544 1551
1544 1607
1545 1534
1545 1546
1546 1542
1546 1545
1547 1526
1547 1550
1548 1467
1548 1553
1549 1534
1549 1578
1550 1547
1550 1552
1550 1556
1551 1544
1551 1553
1552 1550
1552 1559
1553 1548
1553 1551
1553 1555
1553 1557
1554 1535
1554 1561
1555 1553
1555 1594
1556 1550
1556 1565
1557 1553
1557 1586
1558 1527
1558 1559
1558 1597
1559 1552
1559 1558
1560 1524
1560 1639
1561 1510
1561 1554
1561 1563
1562 1521
1562 1566
1563 1561
1563 1580
1564 1524
1564 1566
1565 1556
1565 1604
1566 1562
1566 1564
1566 1568
1567 1438
1567 1583
1568 1566
1568 1577
1569 1512
1569 1519
1569 1602
1569 1603
1570 1481
1570 1571
1570 1585
1570 1627
1571 1570
1571 1576
1572 1470
1572 1573
1572 1576
1572 1626
1573 1492
1573 1572
1573 1574
1573 1677
1574 1573
1574 1575
1575 1574
1575 1580
1576 1475
1576 1571
1576 1572
1576 1629
1577 1568
1577 1625
1578 1549
1578 1716
1579 1489
1579 1597
1579 1699
1580 1563
1580 1575
1580 1582
1580 1598
1581 1484
1581 1584
1581 1596
1582 1580
1582 1606
1583 1567
1583 1585
1583 1588
1583 1614
1584 1581
1584 1608
1584 1656
1585 1570
1585 1583
1586 1557
1586 1595
1587 1480
1587 1609
1588 1531
1588 1583
1589 1536
1589 1820
1590 1542
1590 1735
1591 1541
1591 1755
1592 1593
1592 1598
1593 1592
1593 1594
1594 1555
1594 1593
1595 1586
1595 1600
1595 1621
1596 1581
1596 1620
1596 1654
1597 1558
1597 1579
1597 1599
1597 1698
1598 1580
1598 1592
1599 1597
1599 1601
1600 1595
1600 1622
1601 1599
1601 1619
1601 1645
1602 1569
1602 1730
1603 1569
1603 1616
1604 1565
1604 1617
1605 1525
1605 1623
1606 1582
1606 1695
1607 1544
1607 1615
1607 1622
1607 1675
1608 1584
1608 1609
1609 1587
1609 1608
1609 1613
1610 1611
1610 1615
1611 1610
1611 1612
1611 1624
1612 1611
1612 1613
1613 1609
1613 1612
1614 1583
1614 1647
1614 1648
1615 1529
1615 1607
1615 1610
1615 1673
1616 1603
1616 1722
1617 1604
1617 1618
1617 1623
1618 1617
1618 1619
1619 1601
1619 1618
1619 1649
1620 1596
1620 1633
1621 1595
1621 1651
1622 1600
1622 1607
1622 1665
1623 1605
1623 1617
1623 1628
1623 1635
1624 1611
1624 1657
1625 1577
1625 1630
1626 1572
1626 1629
1626 1640
1627 1570
1627 1634
1627 1781
1628 1623
1628 1632
1629 1576
1629 1626
1629 1641
1630 1625
1630 1631
1630 1636
1631 1630
1631 1633
1632 1628
1632 1644
1633 1620
1633 1631
1633 1678
1634 1627
1634 1637
1635 1623
1635 1759
1636 1630
1636 1653
1637 1634
1637 1638
1638 1637
1638 1641
1639 1560
1639 1643
1640 1626
1640 1677
1640 1724
1641 1629
1641 1638
1641 1771
1642 1643
1642 1660
1643 1639
1643 1642
1643 1644
1643 1646
1644 1632
1644 1643
1645 1601
1645 1691
1646 1643
1646 1706
1647 1614
1647 1837
1648 1614
1648 1650
1649 1619
1649 1692
1650 1648
1650 1652
1651 1621
1651 1655
1652 1650
1652 1784
1653 1636
1653 1659
1654 1596
1654 1661
1655 1651
1655 1658
1655 1662
1656 1584
1656 1666
1657 1624
1657 1674
1658 1655
1658 1664
1659 1653
1659 1660
1659 1671
1659 1685
1660 1642
1660 1659
1661 1654
1661 1663
1661 1669
1662 1655
1662 1683
1663 1661
1663 1670
1664 1658
1664 1687
1665 1622
1665 1701
1666 1656
1666 1667
1666 1668
1666 1679
1667 1666
1667 1669
1668 1666
1668 1676
1669 1661
1669 1667
1670 1663
1670 1671
1671 1659
1671 1670
1672 1674
1672 1690
1673 1615
1673 1688
1674 1657
1674 1672
1674 1676
1674 1684
1675 1607
1675 1682
1676 1668
1676 1674
1677 1573
1677 1640
1677 1695
1678 1633
1678 1689
1679 1666
1679 1707
1680 1687
1680 1704
1681 1682
1681 1686
1682 1675
1682 1681
1682 1683
1682 1693
1683 1662
1683 1682
1684 1674
1684 1725
1685 1659
1685 1732
1686 1681
1686 1688
1687 1664
1687 1680
1687 1694
1688 1673
1688 1686
1688 1690
1689 1678
1689 1703
1690 1672
1690 1688
1691 1645
1691 1696
1692 1649
1692 1696
1693 1682
1693 1714
1694 1687
1694 1700
1694 1702
1695 1606
1695 1677
1695 1705
1696 1691
1696 1692
1696 1697
1697 1696
1697 1698
1698 1597
1698 1697
1698 1699
1698 1757
1699 1579
1699 1698
1699 1801
1700 1694
1700 1710
1701 1665
1701 1711
1702 1694
1702 1715
1703 1689
1703 1709
1703 1775
1704 1680
1704 1705
1704 1710
1705 1695
1705 1704
1705 1724
1705 1787
1706 1646
1706 1708
1707 1679
1707 1740
1708 1706
1708 1709
1709 1703
1709 1708
1709 1774
1710 1700
1710 1704
1710 1713
1711 1701
1711 1712
1712 1711
1712 1721
1712 1743
1713 1710
1713 1715
1713 1765
1714 1693
1714 1726
1714 1728
1715 1702
1715 1713
1715 1720
1716 1578
1716 1717
1716 1742
1717 1716
1717 1718
1717 1723
1718 1717
1718 1729
1719 1538
1719 1736
1720 1715
1720 1743
1721 1712
1721 1727
1722 1616
1722 1729
1723 1717
1723 1869
1723 1997
1724 1640
1724 1705
1724 1771
1725 1684
1725 1756
1726 1714
1726 1731
1727 1721
1727 1737
1727 1761
1728 1714
1728 1731
1729 1718
1729 1722
1729 1730
1730 1602
1730 1729
1730 1755
1731 1726
1731 1728
1731 1733
1732 1685
1732 1741
1733 1731
1733 1737
1733 1744
1734 1736
1735 1590
1735 1736
1735 1742
1735 1909
1736 1719
1736 1734
1736 1735
1736 1850
1737 1727
1737 1733
1737 1744
1738 1740
1738 1766
1739 1740
1739 1741
1740 1707
1740 1738
1740 1739
1740 1748
1741 1732
1741 1739
1741 1746
1742 1716
1742 1735
1742 1868
1743 1712
1743 1720
1743 1763
1744 1733
1744 1737
1744 1745
1744 1753
1745 1744
1745 1747
1745 1749
1746 1741
1746 1751
1747 1745
1747 1750
1747 1752
1748 1740
1748 1754
1749 1745
1749 1789
1750 1747
1750 1783
1751 1746
1751 1754
1752 1747
1752 1760
1752 1768
1753 1744
1753 1758
1753 1796
1754 1748
1754 1751
1754 1767
1754 1773
1755 1591
1755 1730
1755 1764
1756 1725
1756 1770
1757 1698
1757 1759
1758 1753
1758 1772
1759 1635
1759 1757
1759 1776
1760 1752
1760 1762
1760 1794
1761 1727
1761 1762
1761 1785
1762 1760
1762 1761
1762 1769
1763 1743
1763 1765
1764 1755
1764 1820
1764 1964
1765 1713
1765 1763
1765 1787
1765 1842
1766 1738
1766 1770
1767 1754
1767 1804
1768 1752
1768 1783
1769 1762
1769 1792
1770 1756
1770 1766
1770 1772
1770 1779
1771 1641
1771 1724
1771 1777
1771 1778
1772 1758
1772 1770
1773 1754
1773 1791
1774 1709
1774 1786
1775 1703
1775 1821
1776 1759
1776 1788
1777 1771
1777 1778
1777 1787
1777 1831
1778 1771
1778 1777
1778 1780
1779 1770
1779 1802
1780 1778
1780 1782
1780 1833
1781 1627
1781 1782
1781 1784
1782 1780
1782 1781
1783 1750
1783 1768
1783 1789
1783 1798
1784 1652
1784 1781
1784 1819
1785 1761
1785 1792
1785 1826
1786 1774
1786 1816
1786 1822
1787 1705
1787 1765
1787 1777
1787 1845
1788 1776
1788 1797
1788 1801
1789 1749
1789 1783
1789 1790
1790 1789
1790 1795
1790 1799
1791 1773
1791 1830
1792 1769
1792 1785
1792 1793
1792 1825
1793 1792
1793 1794
1794 1760
1794 1793
1794 1800
1795 1790
1795 1796
1796 1753
1796 1795
1796 1812
1797 1788
1797 1810
1798 1783
1798 1805
1799 1790
1799 1808
1800 1794
1800 1807
1801 1699
1801 1788
1801 1803
1802 1779
1802 1814
1803 1801
1804 1767
1804 1815
1805 1798
1805 1808
1805 1811
1806 1812
1806 1813
1806 1836
1807 1800
1807 1811
1807 1828
1808 1799
1808 1805
1808 1812
1809 1813
1809 1814
1810 1797
1810 1824
1811 1805
1811 1807
1812 1796
1812 1806
1812 1808
1812 1849
1813 1806
1813 1809
1814 1802
1814 1809
1814 1815
1814 1818
1815 1804
1815 1814
1815 1817
1815 1818
1816 1786
1816 1822
1816 1823
1817 1815
1817 1830
1818 1814
1818 1815
1818 1832
1819 1784
1819 1837
1819 1841
1820 1589
1820 1764
1820 1838
1820 2003
1821 1775
1821 1822
1821 1829
1822 1786
1822 1816
1822 1821
1822 1844
1823 1816
1823 1824
1824 1810
1824 1823
1824 1835
1825 1792
1825 1826
1825 1827
1825 1872
1826 1785
1826 1825
1826 1878
1827 1825
1827 1828
1828 1807
1828 1827
1828 1834
1829 1821
1829 1830
1830 1791
1830 1817
1830 1829
1830 1889
1831 1777
1831 1833
1831 1845
1832 1818
1832 1859
1833 1780
1833 1831
1833 1843
1834 1828
1834 1866
1835 1824
1835 1839
1835 1847
1836 1806
1836 1848
1836 1858
1837 1647
1837 1819
1837 1838
1837 1917
1838 1820
1838 1837
1839 1835
1839 1851
1839 1853
1840 1852
1841 1819
1841 1962
1842 1765
1842 1845
1842 1865
1843 1833
1843 1961
1844 1822
1844 1846
1844 1884
1845 1787
1845 1831
1845 1842
1845 1880
1846 1844
1846 1847
1846 1879
1847 1835
1847 1846
1848 1836
1848 1856
1849 1812
1849 1854
1849 1857
1850 1736
1850 1852
1850 1906
1851 1839
1851 1933
1852 1840
1852 1850
1852 1907
1853 1839
1853 1885
1854 1849
1854 1855
1854 1866
1855 1854
1855 1916
1856 1848
1856 1860
1857 1849
1857 1864
1858 1836
1858 1864
1859 1832
1859 1861
1860 1856
1860 1861
1861 1859
1861 1860
1861 1862
1861 1863
1862 1861
1862 1888
1863 1861
1863 1871
1864 1857
1864 1858
1864 1874
1864 1904
1865 1842
1865 1882
1866 1834
1866 1854
1866 1867
1866 1870
1867 1866
1867 1872
1868 1742
1868 1869
1869 1723
1869 1868
1869 1919
1870 1866
1870 1918
1871 1863
1871 1876
1872 1825
1872 1867
1872 1873
1873 1872
1873 1883
1873 1911
1874 1864
1874 1875
1875 1874
1875 1876
1876 1871
1876 1875
1876 1877
1877 1876
1877 1891
1878 1826
1878 1882
1878 1883
1879 1846
1879 1884
1879 1926
1880 1845
1880 1892
1881 1885
1881 1937
1882 1865
1882 1878
1882 1883
1882 1886
1883 1873
1883 1878
1883 1882
1883 1908
1884 1844
1884 1879
1884 1887
1884 1926
1885 1853
1885 1881
1885 1890
1886 1882
1886 1903
1886 1915
1887 1884
1887 1900
1888 1862
1888 1889
1888 1912
1889 1830
1889 1888
1889 1898
1890 1885
1890 1922
1891 1877
1891 1895
1892 1880
1892 1897
1893 1894
1893 1904
1894 1893
1894 1895
1895 1891
1895 1894
1895 1896
1895 1899
1896 1895
1896 1920
1897 1892
1897 1901
1898 1889
1898 1900
1898 1910
1899 1895
1899 1921
1900 1887
1900 1898
1900 1914
1901 1897
1901 1902
1902 1901
1902 1905
1903 1886
1903 1915
1903 1925
1904 1864
1904 1893
1904 1916
1904 1944
1905 1902
1905 1924
1906 1850
1906 1930
1907 1852
1907 2032
1908 1883
1908 1911
1908 1950
1909 1735
1909 2016
1910 1898
1910 1967
1911 1873
1911 1908
1911 1918
1911 1949
1912 1888
1912 1946
1913 1914
1913 1929
1914 1900
1914 1913
1914 1923
1915 1886
1915 1903
1915 1939
1916 1855
1916 1904
1916 1918
1916 1945
1917 1837
1917 1988
1918 1870
1918 1911
1918 1916
1918 1947
1919 1869
1919 2031
1920 1896
1920 1953
1921 1899
1921 1941
1922 1890
1922 1935
1923 1914
1923 1982
1924 1905
1924 1925
1924 1928
1925 1903
1925 1924
1925 1927
1926 1879
1926 1884
1926 1929
1926 1932
1927 1925
1927 1928
1927 1939
1928 1924
1928 1927
1928 1975
1928 1989
1929 1913
1929 1926
1929 1931
1929 1986
1930 1906
1930 2033
1931 1929
1931 1932
1931 1987
1932 1926
1932 1931
1932 1933
1932 1993
1933 1851
1933 1932
1933 1934
1933 1985
1934 1933
1934 1935
1935 1922
1935 1934
1935 1937
1936 1937
1936 1938
1937 1881
1937 1935
1937 1936
1938 1936
1938 1955
1939 1915
1939 1927
1939 1940
1940 1939
1940 1950
1940 1968
1941 1921
1941 1943
1942 1943
1942 1944
1943 1941
1943 1942
1943 1951
1943 1954
1944 1904
1944 1942
1944 1945
1945 1916
1945 1944
1945 1947
1945 1969
1946 1912
1946 1953
1947 1918
1947 1945
1947 1949
1947 1983
1948 2034
1949 1911
1949 1947
1949 1950
1950 1908
1950 1940
1950 1949
1950 1980
1951 1943
1951 1953
1952 1956
1953 1920
1953 1946
1953 1951
1953 1971
1954 1943
1954 1970
1955 1938
1955 1957
1955 1990
1956 1952
1956 1957
1956 1958
1956 1960
1957 1955
1957 1956
1957 1958
1958 1956
1958 1957
1958 1959
1959 1958
1959 2005
1960 1956
1960 2046
1961 1843
1961 1963
1961 2004
1962 1841
1962 1963
1962 1992
1963 1961
1963 1962
1963 2039
1964 1764
1964 1965
1964 2003
1965 1964
1965 1999
1966 1967
1966 1982
1966 2025
1967 1910
1967 1966
1967 1972
1968 1940
1968 1976
1968 1977
1969 1945
1969 1973
1969 1974
1970 1954
1970 2015
1971 1953
1971 1972
1971 1974
1972 1967
1972 1971
1973 1969
1973 1983
1973 2021
1974 1969
1974 1971
1975 1928
1975 1979
1975 1989
1976 1968
1976 1979
1977 1968
1977 1978
1978 1977
1978 1980
1979 1975
1979 1976
1980 1950
1980 1978
1980 1981
1980 2068
1981 1980
1981 1984
1982 1923
1982 1966
1982 1986
1982 2012
1983 1947
1983 1973
1983 1984
1984 1981
1984 1983
1985 1933
1985 2008
1986 1929
1986 1982
1986 1987
1986 2012
1987 1931
1987 1986
1987 1993
1987 2007
1988 1917
1988 1992
1988 2002
1989 1928
1989 1975
1989 1991
1989 2013
1990 1955
1990 2008
1991 1989
1991 2001
1992 1962
1992 1988
1992 2038
1993 1932
1993 1987
1993 2006
1994 1995
1994 1998
1995 1994
1995 1996
1996 1995
1996 1999
1997 1723
1997 1998
1998 1994
1998 1997
1998 2036
1999 1965
1999 1996
1999 2000
2000 1999
2000 2063
2000 2064
2001 1991
2001 2004
2002 1988
2002 2003
2003 1820
2003 1964
2003 2002
2003 2043
2004 1961
2004 2001
2004 2014
2005 1959
2005 2109
2006 1993
2006 2009
2007 1987
2007 2011
2008 1985
2008 1990
2008 2009
2008 2010
2009 2006
2009 2008
2009 2010
2009 2011
2010 2008
2010 2009
2010 2071
2011 2007
2011 2009
2011 2024
2012 1982
2012 1986
2012 2027
2013 1989
2013 2014
2014 2004
2014 2013
2014 2041
2015 1970
2015 2019
2016 1909
2016 2047
2017 2018
2017 2019
2018 2017
2018 2022
2019 2015
2019 2017
2019 2021
2019 2029
2020 2024
2020 2028
2021 1973
2021 2019
2022 2018
2022 2023
2023 2022
2023 2026
2024 2011
2024 2020
2024 2111
2025 1966
2025 2045
2026 2023
2026 2042
2027 2012
2027 2035
2028 2020
2028 2030
2029 2019
2029 2076
2030 2028
2030 2035
2031 1919
2031 2049
2032 1907
2032 2034
2032 2052
2032 2124
2033 1930
2033 2047
2034 1948
2034 2032
2034 2055
2035 2027
2035 2030
2035 2044
2036 1998
2036 2037
2036 2065
2037 2036
2037 2048
2038 1992
2038 2040
2039 1963
2039 2062
2040 2038
2040 2079
2041 2014
2041 2073
2042 2026
2042 2045
2043 2003
2043 2057
2044 2035
2044 2045
2044 2058
2045 2025
2045 2042
2045 2044
2046 1960
2046 2050
2047 2016
2047 2033
2047 2051
2048 2037
2048 2049
2049 2031
2049 2048
2049 2051
2049 2056
2050 2046
2050 2070
2050 2108
2051 2047
2051 2049
2051 2054
2051 2056
2052 2032
2052 2053
2053 2052
2053 2054
2054 2051
2054 2053
2054 2060
2055 2034
2056 2049
2056 2051
2056 2059
2056 2061
2057 2043
2057 2074
2058 2044
2058 2084
2059 2056
2059 2060
2060 2054
2060 2059
2060 2091
2061 2056
2061 2130
2062 2039
2062 2072
2062 2113
2063 2000
2063 2064
2063 2065
2064 2000
2064 2063
2064 2069
2065 2036
2065 2063
2065 2133
2066 2070
2067 2068
2067 2075
2068 1980
2068 2067
2068 2081
2068 2136
2069 2064
2069 2074
2070 2050
2070 2066
2070 2096
2070 2108
2071 2010
2071 2098
2071 2103
2072 2062
2072 2078
2073 2041
2073 2078
2074 2057
2074 2069
2074 2099
2075 2067
2075 2085
2076 2029
2076 2082
2077 2087
2077 2099
2078 2072
2078 2073
2078 2081
2078 2090
2079 2040
2079 2080
2079 2083
2080 2079
2080 2087
2081 2068
2081 2078
2082 2076
2082 2086
2083 2079
2083 2114
2084 2058
2084 2094
2085 2075
2085 2086
2086 2082
2086 2085
2086 2088
2086 2089
2087 2077
2087 2080
2087 2115
2088 2086
2088 2094
2089 2086
2089 2100
2090 2078
2090 2092
2090 2095
2091 2060
2091 2128
2091 2129
2092 2090
2092 2093
2092 2097
2093 2092
2093 2113
2094 2084
2094 2088
2094 2101
2095 2090
2095 2132
2096 2070
2096 2160
2096 2184
2097 2092
2097 2141
2098 2071
2098 2103
2098 2112
2098 2149
2099 2074
2099 2077
2099 2134
2099 2198
2100 2089
2100 2104
2101 2094
2101 2102
2101 2105
2102 2101
2102 2104
2103 2071
2103 2098
2103 2109
2104 2100
2104 2102
2104 2106
2104 2107
2105 2101
2105 2116
2106 2104
2106 2135
2107 2104
2107 2119
2108 2050
2108 2070
2108 2120
2108 2159
2109 2005
2109 2103
2109 2110
2110 2109
2110 2122
2111 2024
2111 2112
2112 2098
2112 2111
2112 2117
2113 2062
2113 2093
2113 2114
2113 2118
2114 2083
2114 2113
2114 2118
2115 2087
2115 2123
2116 2105
2116 2117
2117 2112
2117 2116
2117 2145
2118 2113
2118 2114
2118 2140
2118 2167
2119 2107
2119 2152
2120 2108
2120 2122
2121 2124
2122 2110
2122 2120
2122 2158
2123 2115
2123 2126
2123 2200
2124 2032
2124 2121
2124 2125
2125 2124
2125 2127
2125 2142
2126 2123
2126 2161
2127 2125
2127 2129
2128 2091
2128 2129
2128 2130
2128 2148
2129 2091
2129 2127
2129 2128
2129 2137
2130 2061
2130 2128
2130 2131
2130 2151
2131 2130
2131 2133
2132 2095
2132 2139
2133 2065
2133 2131
2133 2134
2133 2157
2134 2099
2134 2133
2135 2106
2135 2136
2136 2068
2136 2135
2136 2150
2136 2156
2137 2129
2137 2147
2138 2144
2138 2186
2139 2132
2139 2165
2140 2118
2140 2161
2141 2097
2141 2143
2142 2125
2142 2275
2143 2141
2143 2146
2144 2138
2144 2153
2144 2154
2145 2117
2145 2246
2146 2143
2146 2162
2147 2137
2147 2276
2148 2128
2148 2279
2149 2098
2149 2267
2150 2136
2150 2155
2151 2130
2151 2226
2152 2119
2152 2202
2153 2144
2153 2156
2154 2144
2154 2197
2155 2150
2155 2203
2156 2136
2156 2153
2157 2133
2157 2250
2158 2122
2158 2172
2159 2108
2159 2181
2160 2096
2160 2229
2161 2126
2161 2140
2161 2187
2162 2146
2162 2163
2162 2166
2162 2168
2163 2162
2163 2164
2164 2163
2164 2165
2165 2139
2165 2164
2165 2169
2165 2170
2166 2162
2166 2171
2167 2118
2167 2168
2168 2162
2168 2167
2168 2179
2169 2165
2169 2176
2169 2178
2170 2165
2170 2174
2170 2175
2171 2166
2171 2173
2171 2179
2172 2158
2172 2181
2172 2209
2173 2171
2173 2174
2174 2170
2174 2173
2174 2180
2174 2185
2175 2170
2175 2176
2175 2189
2176 2169
2176 2175
2176 2177
2176 2190
2177 2176
2177 2178
2178 2169
2178 2177
2178 2186
2179 2168
2179 2171
2179 2183
2180 2174
2181 2159
2181 2172
2181 2182
2181 2227
2182 2181
2182 2184
2183 2179
2183 2185
2184 2096
2184 2182
2184 2201
2185 2174
2185 2183
2185 2187
2186 2138
2186 2178
2186 2193
2187 2161
2187 2185
2187 2188
2188 2187
2188 2191
2189 2175
2189 2190
2189 2194
2190 2176
2190 2189
2190 2194
2190 2278
2191 2188
2191 2192
2191 2196
2192 2191
2192 2225
2192 2339
2193 2186
2193 2197
2194 2189
2194 2190
2194 2195
2195 2194
2195 2196
2195 2320
2196 2191
2196 2195
2197 2154
2197 2193
2197 2217
2197 2319
2198 2099
2198 2199
2199 2198
2199 2249
2200 2123
2200 2231
2201 2184
2201 2277
2202 2152
2202 2204
2203 2155
2203 2222
2204 2202
2204 2205
2205 2204
2205 2206
2205 2207
2205 2210
2206 2205
2206 2208
2207 2205
2207 2215
2208 2206
2208 2212
2209 2172
2209 2221
2210 2205
2210 2211
2211 2210
2211 2213
2212 2208
2212 2219
2213 2211
2213 2214
2213 2218
2214 2213
2214 2215
2215 2207
2215 2214
2215 2216
2215 2236
2216 2215
2216 2223
2216 2230
2217 2197
2217 2222
2218 2213
2218 2228
2219 2212
2219 2220
2220 2219
2220 2224
2221 2209
2221 2234
2221 2253
2222 2203
2222 2217
2222 2224
2222 2242
2223 2216
2223 2235
2224 2220
2224 2222
2225 2192
2225 2243
2226 2151
2226 2254
2226 2287
2227 2181
2227 2237
2228 2218
2228 2232
2229 2160
2229 2244
2230 2216
2230 2239
2231 2200
2231 2243
2231 2248
2232 2228
2232 2240
2233 2261
2234 2221
2234 2237
2234 2258
2235 2223
2235 2239
2235 2247
2236 2215
2236 2238
2236 2241
2237 2227
2237 2234
2237 2260
2237 2268
2238 2236
2238 2240
2239 2230
2239 2235
2239 2241
2239 2351
2240 2232
2240 2238
2240 2245
2241 2236
2241 2239
2242 2222
2242 2337
2243 2225
2243 2231
2243 2290
2244 2229
2244 2252
2244 2261
2245 2240
2245 2354
2246 2145
2246 2247
2246 2255
2247 2235
2247 2246
2248 2231
2248 2249
2249 2199
2249 2248
2249 2251
2249 2288
2250 2157
2250 2251
2250 2254
2250 2353
2251 2249
2251 2250
2252 2244
2252 2294
2253 2221
2253 2257
2253 2258
2253 2274
2254 2226
2254 2250
2255 2246
2255 2256
2255 2267
2256 2255
2256 2335
2257 2253
2257 2262
2258 2234
2258 2253
2258 2263
2258 2271
2259 2260
2259 2263
2260 2237
2260 2259
2260 2264
2261 2233
2261 2244
2261 2265
2261 2266
2262 2257
2262 2267
2263 2258
2263 2259
2263 2264
2264 2260
2264 2263
2264 2273
2265 2261
2265 2321
2266 2261
2266 2297
2267 2149
2267 2255
2267 2262
2268 2237
2268 2269
2268 2273
2269 2268
2269 2270
2270 2269
2270 2277
2271 2258
2271 2273
2271 2280
2271 2292
2272 2283
2273 2264
2273 2268
2273 2271
2273 2292
2274 2253
2274 2280
2275 2142
2275 2276
2276 2147
2276 2275
2276 2282
2277 2201
2277 2270
2277 2294
2277 2299
2278 2190
2278 2319
2279 2148
2279 2285
2280 2271
2280 2274
2281 2282
2281 2284
2281 2382
2282 2276
2282 2281
2282 2283
2283 2272
2283 2282
2283 2374
2284 2281
2284 2285
2285 2279
2285 2284
2285 2286
2286 2285
2286 2287
2286 2378
2287 2226
2287 2286
2287 2355
2288 2249
2288 2289
2289 2288
2289 2295
2289 2296
2290 2243
2290 2291
2290 2295
2291 2290
2291 2344
2292 2271
2292 2273
2292 2293
2292 2323
2293 2292
2293 2306
2294 2252
2294 2277
2295 2289
2295 2290
2295 2296
2296 2289
2296 2295
2296 2313
2296 2387
2297 2266
2297 2298
2297 2314
2297 2324
2298 2297
2298 2301
2299 2277
2299 2305
2300 2301
2300 2326
2301 2298
2301 2300
2301 2302
2302 2301
2302 2315
2303 2305
2303 2307
2304 2305
2304 2308
2305 2299
2305 2303
2305 2304
2305 2309
2306 2293
2306 2310
2307 2303
2307 2310
2308 2304
2308 2316
2309 2305
2309 2334
2310 2306
2310 2307
2310 2311
2310 2312
2311 2310
2311 2347
2312 2310
2312 2334
2313 2296
2313 2353
2314 2297
2314 2317
2315 2302
2315 2317
2316 2308
2316 2317
2317 2314
2317 2315
2317 2316
2317 2318
2318 2317
2318 2399
2319 2197
2319 2278
2319 2340
2320 2195
2320 2333
2320 2346
2321 2265
2321 2329
2322 2323
2323 2292
2323 2322
2323 2332
2324 2297
2324 2327
2325 2328
2325 2329
2326 2300
2326 2327
2327 2324
2327 2326
2327 2328
2327 2330
2328 2325
2328 2327
2329 2321
2329 2325
2329 2331
2330 2327
2330 2398
2331 2329
2331 2364
2332 2323
2332 2338
2333 2320
2333 2341
2333 2390
2334 2309
2334 2312
2334 2373
2335 2256
2335 2336
2335 2357
2335 2381
2336 2335
2336 2338
2337 2242
2337 2340
2337 2352
2337 2385
2338 2332
2338 2336
2338 2345
2339 2192
2339 2343
2339 2346
2340 2319
2340 2337
2340 2342
2341 2333
2341 2342
2342 2340
2342 2341
2342 2388
2343 2339
2343 2344
2344 2291
2344 2343
2344 2393
2345 2338
2345 2348
2346 2320
2346 2339
2346 2391
2347 2311
2347 2348
2348 2345
2348 2347
2348 2349
2348 2350
2349 2348
2349 2403
2350 2348
2350 2369
2351 2239
2351 2356
2351 2360
2352 2337
2352 2358
2353 2250
2353 2313
2353 2362
2354 2245
2354 2359
2355 2287
2355 2363
2355 2392
2356 2351
2356 2357
2356 2368
2357 2335
2357 2356
2358 2352
2358 2359
2359 2354
2359 2358
2359 2360
2359 2361
2360 2351
2360 2359
2361 2359
2361 2384
2362 2353
2362 2363
2362 2371
2363 2355
2363 2362
2364 2331
2364 2366
2365 2367
2366 2364
2366 2367
2366 2370
2367 2365
2367 2366
2368 2356
2368 2383
2369 2350
2369 2373
2369 2402
2370 2366
2370 2397
2371 2362
2371 2386
2371 2389
2372 2394
2372 2395
2373 2334
2373 2369
2373 2375
2374 2283
2374 2377
2374 2597
2375 2373
2375 2396
2376 2377
2377 2374
2377 2376
2378 2286
2378 2379
2379 2378
2379 2542
2380 2381
2380 2465
2381 2335
2381 2380
2382 2281
2382 2556
2383 2368
2383 2426
2384 2361
2384 2435
2385 2337
2385 2431
2386 2371
2386 2547
2387 2296
2387 2481
2388 2342
2388 2417
2389 2371
2389 2404
2390 2333
2390 2417
2391 2346
2391 2416
2392 2355
2392 2537
2393 2344
2393 2447
2394 2372
2394 2400
2395 2372
2395 2408
2396 2375
2396 2400
2397 2370
2397 2401
2398 2330
2398 2414
2399 2318
2399 2408
2400 2394
2400 2396
2400 2439
2401 2397
2401 2405
2402 2369
2402 2421
2403 2349
2403 2418
2404 2389
2404 2419
2404 2554
2405 2401
2405 2406
2405 2407
2406 2405
2407 2405
2407 2412
2408 2395
2408 2399
2408 2409
2409 2408
2409 2410
2409 2506
2410 2409
2410 2411
2410 2618
2411 2410
2411 2414
2412 2407
2412 2415
2412 2623
2413 2414
2413 2415
2413 2555
2414 2398
2414 2411
2414 2413
2415 2412
2415 2413
2415 2555
2416 2391
2416 2417
2416 2500
2417 2388
2417 2390
2417 2416
2417 2427
2417 2507
2418 2403
2418 2423
2419 2404
2419 2539
2420 2421
2420 2424
2421 2402
2421 2420
2421 2422
2422 2421
2422 2432
2423 2418
2423 2424
2423 2425
2424 2420
2424 2423
2425 2423
2425 2474
2426 2383
2426 2428
2426 2429
2427 2417
2427 2478
2428 2426
2428 2445
2429 2426
2429 2446
2430 2434
2430 2437
2431 2385
2431 2437
2432 2422
2432 2433
2432 2614
2433 2432
2433 2439
2434 2430
2434 2436
2435 2384
2435 2444
2436 2434
2436 2438
2436 2441
2437 2430
2437 2431
2437 2440
2437 2443
2438 2436
2438 2442
2439 2400
2439 2433
2439 2506
2440 2437
2440 2482
2441 2436
2441 2535
2442 2438
2442 2444
2443 2437
2443 2495
2444 2435
2444 2442
2444 2448
2444 2458
2445 2428
2445 2449
2446 2429
2446 2454
2447 2393
2447 2450
2448 2444
2448 2502
2449 2445
2449 2451
2449 2455
2449 2462
2450 2447
2450 2459
2451 2449
2451 2452
2452 2451
2452 2454
2453 2454
2453 2466
2454 2446
2454 2452
2454 2453
2454 2461
2455 2449
2455 2477
2456 2457
2456 2459
2457 2456
2457 2470
2458 2444
2458 2464
2459 2450
2459 2456
2459 2460
2459 2463
2460 2459
2460 2496
2461 2454
2461 2488
2462 2449
2462 2491
2463 2459
2463 2533
2464 2458
2464 2479
2465 2380
2465 2476
2466 2453
2466 2467
2467 2466
2467 2469
2467 2471
2467 2472
2468 2469
2468 2475
2469 2467
2469 2468
2470 2457
2470 2473
2471 2467
2471 2498
2472 2467
2472 2536
2473 2470
2473 2493
2474 2425
2474 2476
2475 2468
2475 2476
2476 2465
2476 2474
2476 2475
2476 2480
2477 2455
2477 2486
2478 2427
2478 2490
2479 2464
2479 2483
2479 2484
2480 2476
2480 2621
2481 2387
2481 2499
2482 2440
2482 2541
2483 2479
2483 2523
2484 2479
2484 2504
2485 2486
2485 2491
2486 2477
2486 2485
2486 2501
2487 2490
2487 2494
2488 2461
2488 2489
2488 2492
2488 2497
2489 2488
2489 2497
2489 2498
2490 2478
2490 2487
2490 2495
2490 2505
2491 2462
2491 2485
2491 2492
2492 2488
2492 2491
2492 2497
2493 2473
2493 2513
2494 2487
2494 2518
2495 2443
2495 2490
2496 2460
2496 2499
2497 2488
2497 2489
2497 2492
2498 2471
2498 2489
2498 2536
2499 2481
2499 2496
2499 2503
2499 2508
2500 2416
2500 2512
2501 2486
2501 2510
2502 2448
2502 2509
2503 2499
2503 2530
2504 2484
2504 2522
2505 2490
2505 2524
2506 2409
2506 2439
2506 2613
2507 2417
2507 2526
2508 2499
2508 2531
2509 2502
2509 2514
2509 2516
2510 2501
2510 2515
2511 2512
2511 2527
2512 2500
2512 2511
2512 2513
2512 2528
2513 2493
2513 2512
2514 2509
2514 2515
2515 2510
2515 2514
2516 2509
2516 2525
2517 2519
2517 2523
2518 2494
2518 2526
2519 2517
2519 2522
2520 2531
2520 2533
2521 2524
2521 2575
2522 2504
2522 2519
2522 2525
2522 2529
2523 2483
2523 2517
2523 2535
2524 2505
2524 2521
2524 2540
2525 2516
2525 2522
2526 2507
2526 2518
2526 2527
2527 2511
2527 2526
2528 2512
2528 2550
2529 2522
2529 2586
2530 2503
2530 2546
2531 2508
2531 2520
2531 2543
2532 2534
2532 2550
2533 2463
2533 2520
2533 2534
2533 2610
2534 2532
2534 2533
2535 2441
2535 2523
2535 2538
2536 2472
2536 2498
2536 2638
2537 2392
2537 2559
2538 2535
2538 2541
2538 2593
2539 2419
2539 2548
2540 2524
2540 2541
2541 2482
2541 2538
2541 2540
2541 2584
2542 2379
2542 2549
2543 2531
2543 2544
2543 2625
2544 2543
2544 2545
2545 2544
2545 2547
2546 2530
2546 2557
2547 2386
2547 2545
2547 2553
2548 2539
2548 2558
2549 2542
2549 2551
2549 2552
2550 2528
2550 2532
2550 2575
2551 2549
2551 2573
2552 2549
2552 2574
2553 2547
2553 2560
2554 2404
2554 2566
2555 2413
2555 2415
2555 2609
2556 2382
2556 2561
2557 2546
2557 2560
2558 2548
2558 2568
2559 2537
2559 2571
2560 2553
2560 2557
2560 2564
2560 2579
2561 2556
2561 2562
2561 2563
2561 2580
2562 2561
2562 2605
2563 2561
2563 2574
2564 2560
2564 2567
2565 2566
2565 2569
2566 2554
2566 2565
2566 2567
2566 2582
2567 2564
2567 2566
2568 2558
2568 2578
2569 2565
2569 2577
2570 2571
2570 2573
2571 2559
2571 2570
2571 2572
2571 2581
2572 2571
2572 2576
2573 2551
2573 2570
2574 2552
2574 2563
2575 2521
2575 2550
2575 2635
2576 2572
2576 2578
2577 2569
2577 2578
2578 2568
2578 2576
2578 2577
2578 2583
2579 2560
2579 2594
2580 2561
2580 2633
2581 2571
2581 2585
2582 2566
2582 2590
2583 2578
2583 2585
2584 2541
2584 2641
2585 2581
2585 2583
2585 2588
2586 2529
2586 2587
2587 2586
2587 2589
2588 2585
2588 2591
2588 2608
2589 2587
2589 2596
2590 2582
2590 2592
2590 2594
2590 2616
2591 2588
2591 2592
2592 2590
2592 2591
2593 2538
2593 2595
2594 2579
2594 2590
2594 2631
2595 2593
2595 2596
2596 2589
2596 2595
2596 2598
2596 2606
2597 2374
2597 2602
2598 2596
2598 2639
2599 2600
2600 2599
2600 2602
2601 2602
2601 2603
2602 2597
2602 2600
2602 2601
2603 2601
2603 2604
2604 2603
2604 2605
2604 2607
2605 2562
2605 2604
2606 2596
2606 2640
2607 2604
2607 2611
2608 2588
2608 2612
2609 2555
2609 2617
2609 2628
2610 2533
2610 2627
2611 2607
2612 2608
2612 2636
2612 2637
2613 2506
2613 2615
2613 2619
2614 2432
2614 2615
2614 2620
2615 2613
2615 2614
2615 2629
2616 2590
2616 2622
2616 2626
2617 2609
2617 2618
2618 2410
2618 2617
2618 2619
2619 2613
2619 2618
2619 2630
2620 2614
2620 2621
2620 2632
2621 2480
2621 2620
2622 2616
2622 2624
2623 2412
2624 2622
2625 2543
2626 2616
2627 2610
2628 2609
2629 2615
2630 2619
2631 2594
2632 2620
2633 2580
2633 2634
2634 2633
2635 2575
2636 2612
2637 2612
2638 2536
2639 2598
2640 2606
2641 2584
