2139 2786
0 1107
1 767
2 998
3 1518
4 74
4 1149
4 1205
4 1295
4 1359
4 1868
4 1930
5 1882
6 491
7 100
7 1107
8 307
9 717
10 148
11 1373
12 1882
13 100
14 1589
15 474
16 1338
17 1965
18 978
19 959
20 501
21 1589
22 2072
23 69
24 69
24 81
24 100
24 102
24 106
24 181
24 372
24 534
24 547
24 748
24 751
24 757
24 813
24 971
24 982
24 1018
24 1049
24 1070
24 1174
24 1199
24 1215
24 1256
24 1325
24 1326
24 1338
24 1347
24 1446
24 1498
24 1518
24 1520
24 1549
24 1553
24 1555
24 1689
24 1799
24 1914
24 1986
24 2034
24 2072
25 28
25 94
25 104
25 236
25 253
25 254
25 272
25 289
25 336
25 461
25 647
25 686
25 692
25 767
25 822
25 824
25 837
25 952
25 955
25 1065
25 1135
25 1217
25 1304
25 1446
25 1471
25 1499
25 1556
25 1649
25 1662
25 1708
25 1745
25 1828
25 1840
25 1974
25 2030
26 715
26 1458
27 69
28 25
28 293
28 474
28 1000
28 1205
28 1325
28 1689
28 1795
28 2064
29 2026
30 853
31 222
31 320
31 336
31 515
31 570
31 682
31 685
31 693
31 874
31 1001
31 1098
31 1180
31 1268
31 1322
31 1430
31 1917
31 1960
31 1961
31 1985
31 2065
32 291
32 609
32 667
32 782
32 1270
32 1281
32 1322
32 1536
32 1814
32 1878
33 756
33 1056
33 1474
33 1647
33 1689
33 1924
33 1961
34 605
34 1185
35 1882
36 982
37 100
38 821
39 208
39 280
40 715
41 728
41 1177
42 1458
43 2100
44 1763
45 1239
46 646
47 1313
47 2028
48 189
49 474
49 757
50 1604
51 1185
52 888
53 1965
54 954
54 2116
55 503
55 1239
55 2039
56 855
56 2119
57 391
57 568
57 841
57 912
57 1013
57 1561
57 1655
57 1658
57 1728
57 1883
58 534
58 1689
59 189
60 1589
61 90
61 101
61 140
61 479
61 670
61 792
61 834
61 1396
61 2067
62 1044
63 728
64 959
64 1251
64 1871
65 1660
66 1415
67 477
67 1589
68 100
69 23
69 24
69 27
69 86
69 99
69 108
69 110
69 116
69 152
69 154
69 176
69 207
69 216
69 222
69 225
69 227
69 236
69 252
69 253
69 259
69 311
69 336
69 337
69 356
69 363
69 373
69 403
69 412
69 415
69 417
69 429
69 441
69 445
69 459
69 495
69 502
69 504
69 512
69 522
69 549
69 560
69 561
69 573
69 592
69 602
69 603
69 606
69 618
69 630
69 664
69 668
69 674
69 767
69 779
69 792
69 795
69 820
69 889
69 932
69 941
69 945
69 952
69 955
69 956
69 1003
69 1029
69 1031
69 1033
69 1034
69 1041
69 1054
69 1062
69 1064
69 1067
69 1070
69 1073
69 1074
69 1091
69 1110
69 1150
69 1152
69 1159
69 1180
69 1181
69 1190
69 1236
69 1239
69 1240
69 1241
69 1268
69 1279
69 1306
69 1317
69 1338
69 1368
69 1380
69 1387
69 1396
69 1400
69 1415
69 1417
69 1463
69 1474
69 1476
69 1477
69 1496
69 1505
69 1510
69 1570
69 1571
69 1602
69 1622
69 1627
69 1648
69 1656
69 1661
69 1666
69 1681
69 1684
69 1689
69 1701
69 1708
69 1726
69 1728
69 1731
69 1732
69 1735
69 1772
69 1779
69 1804
69 1860
69 1887
69 1892
69 1893
69 1915
69 1939
69 1944
69 1953
69 1961
69 1989
69 2014
69 2022
69 2030
69 2031
69 2046
69 2060
69 2071
69 2094
69 2103
69 2107
69 2129
70 1185
71 208
72 684
73 1044
74 4
74 115
74 518
74 557
74 731
74 1164
75 1154
76 1965
77 1882
78 88
79 1589
80 748
80 1338
81 24
81 145
81 501
81 560
81 619
81 634
81 674
81 932
81 955
81 1460
81 1666
81 1723
81 1936
81 1989
82 1338
83 323
84 1660
85 1961
86 69
86 100
86 757
86 1589
87 757
88 78
88 256
89 975
90 61
90 1373
91 292
92 1660
93 101
94 25
94 188
95 888
96 757
97 1880
98 553
98 572
98 660
98 669
98 678
98 762
98 973
98 1080
98 1420
98 1672
98 1702
98 1758
99 69
100 7
100 13
100 24
100 37
100 68
100 86
100 101
100 171
100 201
100 208
100 227
100 250
100 253
100 300
100 308
100 315
100 363
100 417
100 428
100 451
100 549
100 629
100 742
100 765
100 777
100 788
100 875
100 892
100 896
100 932
100 941
100 945
100 952
100 955
100 975
100 983
100 1026
100 1036
100 1095
100 1115
100 1177
100 1202
100 1230
100 1239
100 1268
100 1322
100 1352
100 1366
100 1372
100 1373
100 1403
100 1446
100 1559
100 1564
100 1589
100 1607
100 1618
100 1635
100 1641
100 1735
100 1889
100 1944
100 1961
100 1998
100 2032
100 2077
100 2098
100 2130
101 61
101 93
101 100
101 1056
101 1291
101 1508
102 24
102 929
102 936
102 1883
103 1171
104 25
105 1763
106 24
106 1218
107 982
108 69
109 1185
110 69
110 1496
110 1731
111 1799
112 727
112 1473
113 1882
114 653
114 1957
115 74
116 69
116 492
116 1291
116 1446
117 1154
118 497
119 870
120 1185
120 1642
121 474
121 534
121 1352
121 1589
122 2115
123 1882
124 1589
125 374
126 1415
127 1925
127 1961
128 1411
129 208
129 864
129 1293
130 1347
131 227
131 955
131 982
131 1373
131 1689
132 189
133 690
133 1496
134 1044
135 1234
136 1615
137 1666
137 1843
138 1373
139 1436
139 1689
140 61
140 452
141 1882
142 1185
143 651
143 1112
143 1661
144 1518
145 81
146 1763
147 1390
148 10
148 253
148 327
148 349
148 671
148 735
148 751
148 869
148 958
148 1383
148 1434
148 1438
148 1503
148 1610
148 1722
148 1778
148 1817
148 1841
148 1869
148 1927
148 2132
149 326
150 190
151 559
152 69
152 1721
153 1185
154 69
155 1209
155 1338
156 720
157 253
157 1784
158 253
159 1120
160 1882
161 1529
162 1107
163 1882
164 1185
165 2056
166 1241
167 1965
168 189
168 1185
168 1310
169 1415
170 1349
171 100
171 318
171 381
171 488
171 501
171 587
171 674
171 821
171 916
171 1056
171 1291
171 1373
171 1391
172 1660
173 1185
174 1882
175 433
176 69
177 1763
178 318
178 512
179 1354
179 1473
180 323
181 24
182 1187
183 757
184 240
184 386
184 458
184 1297
184 1392
184 1442
184 1663
185 1589
186 1965
187 212
188 94
188 1887
189 48
189 59
189 132
189 168
189 263
189 368
189 388
189 546
189 635
189 710
189 783
189 797
189 862
189 883
189 927
189 963
189 1020
189 1025
189 1078
189 1081
189 1089
189 1096
189 1161
189 1247
189 1253
189 1264
189 1358
189 1397
189 1437
189 1444
189 1452
189 1517
189 1596
189 1700
189 1737
189 1753
189 1825
189 1919
189 1940
189 2135
190 150
190 374
190 736
190 787
190 1373
190 1433
190 1633
191 326
192 253
192 932
192 1619
193 398
194 748
195 821
195 990
195 1663
196 1107
197 717
198 665
198 1241
198 1689
199 1044
200 1458
201 100
201 251
201 821
201 1185
201 1254
201 1291
201 1518
202 792
203 1154
204 717
205 559
205 1688
206 552
206 615
206 686
206 707
206 1268
206 1561
206 1976
206 2137
207 69
207 821
207 1107
207 1415
207 1518
208 39
208 71
208 100
208 129
208 696
208 923
208 955
208 1033
208 1124
208 1415
208 1446
208 1487
208 1707
208 1708
208 1738
208 1762
208 1787
208 1953
208 2074
209 1763
210 870
211 1589
212 187
212 483
212 579
212 1549
212 1617
212 1891
213 646
214 1044
215 1234
216 69
217 1067
218 1233
218 1325
219 383
220 1044
221 1044
222 31
222 69
222 237
222 303
222 610
222 646
222 1325
222 1415
222 1689
222 1784
223 2049
224 1185
225 69
226 1185
226 1415
227 69
227 100
227 131
227 477
227 488
227 508
227 646
227 748
227 941
227 1409
227 1579
227 1666
227 1767
228 492
229 1589
230 1056
231 820
232 1411
233 677
233 1103
233 1524
233 2030
233 2034
234 243
234 894
235 1196
235 1660
236 25
236 69
236 253
236 501
236 724
236 982
236 1158
236 1234
236 1422
236 1427
236 1439
236 1511
236 1512
236 1518
236 1534
236 1689
236 1781
236 1902
236 2128
237 222
238 1415
239 1044
240 184
241 1239
242 521
242 1126
243 234
243 982
244 433
244 1436
245 1689
246 1415
246 1961
247 768
247 1373
248 1171
248 1332
249 1234
250 100
251 201
252 69
252 472
252 821
252 1430
253 25
253 69
253 100
253 148
253 157
253 158
253 192
253 236
253 303
253 430
253 520
253 602
253 749
253 755
253 982
253 1125
253 1347
253 1396
253 1446
253 1473
253 1589
253 1663
253 1735
253 1774
254 25
255 475
255 1107
256 88
256 1107
257 350
257 484
257 499
257 713
257 873
257 1100
257 1162
257 1172
257 1287
257 1469
257 1523
257 1535
257 1775
257 1837
257 2037
257 2091
258 1256
259 69
260 1589
261 1415
262 636
263 189
264 2049
265 717
266 1886
267 1763
268 1044
269 1223
270 1056
271 1185
272 25
273 1097
273 1893
274 1415
275 1660
276 1763
277 1893
278 521
279 1185
280 39
281 1898
282 1882
283 1589
284 1589
285 1349
286 323
287 1044
288 821
289 25
290 1185
291 32
292 91
292 1197
292 1347
293 28
294 1763
295 303
296 757
297 1415
298 974
299 1589
300 100
300 1234
300 1887
300 1924
301 1044
302 1589
303 222
303 253
303 295
303 417
303 668
303 793
303 1666
303 1682
304 1171
305 718
306 690
306 1552
306 1639
306 1689
307 8
307 665
308 100
309 1185
310 1882
311 69
312 1107
313 1185
314 1268
315 100
315 443
316 1154
317 1589
318 171
318 178
318 417
318 639
318 674
319 341
319 556
319 571
319 1070
319 1895
320 31
320 982
321 2056
322 1107
322 2072
323 83
323 180
323 286
323 353
323 432
323 453
323 520
323 655
323 952
323 989
323 1143
323 1145
323 1152
323 1352
323 1389
323 1394
323 1427
323 1520
323 1590
323 1608
323 1744
323 1834
323 1877
324 728
325 1518
325 1689
325 1898
326 149
326 191
326 470
326 533
326 626
326 1278
326 1734
326 2066
327 148
327 1185
327 1589
328 1035
328 1069
328 1390
328 1458
329 1415
330 955
331 1185
332 930
333 890
334 1415
335 1313
336 25
336 31
336 69
336 490
336 788
336 1446
336 1546
336 1900
337 69
338 491
338 603
338 821
338 941
339 821
339 1000
339 1056
339 1257
339 1352
339 1953
340 1044
341 319
341 1446
342 1037
343 762
344 758
344 812
344 816
344 922
344 924
344 1269
344 1542
344 1698
345 1763
346 668
347 1882
348 1185
349 148
349 569
349 1933
350 257
351 1475
352 1274
353 323
354 1882
355 1589
356 69
356 757
357 1518
358 1415
359 930
360 753
360 1689
361 702
362 1663
363 69
363 100
363 424
363 653
363 666
363 1348
363 1663
363 1889
363 1961
364 1688
365 1274
366 1185
367 1198
368 189
369 429
369 1625
370 674
371 1589
372 24
372 757
373 69
374 125
374 190
374 867
374 1666
374 2080
375 1185
376 1589
377 433
378 1763
379 548
379 835
379 1449
380 1727
381 171
381 801
381 1708
381 2002
382 821
382 1107
383 219
383 1689
384 417
384 1847
385 1274
386 184
387 1313
388 189
389 451
389 491
390 1473
391 57
392 1981
393 490
394 2072
395 1589
396 501
397 1764
398 193
398 792
399 1441
400 1763
401 941
402 1882
403 69
403 490
403 501
403 748
403 1338
403 1373
403 1663
404 1670
405 517
405 668
406 1240
407 728
408 580
408 1136
408 1252
408 1636
408 1829
408 1918
408 2106
409 777
409 779
409 792
409 1062
409 1666
409 1926
409 2013
410 1140
410 1322
410 1911
410 2007
411 941
412 69
413 1763
414 1415
415 69
416 754
417 69
417 100
417 303
417 318
417 384
417 821
417 1193
417 1325
417 1373
417 1689
417 1902
418 1498
419 1154
420 1390
421 1185
422 433
423 665
424 363
425 757
425 1241
426 1338
427 1880
428 100
429 69
429 369
429 491
429 674
429 943
429 1185
430 253
430 1435
430 1539
430 1995
430 2017
431 1589
432 323
432 982
432 1125
433 175
433 244
433 377
433 422
433 1529
433 1711
433 2036
434 728
435 849
435 1589
436 1924
437 1185
438 757
439 953
439 1745
440 1044
441 69
442 1185
443 315
444 1390
445 69
446 974
447 757
448 1784
449 1234
450 1396
451 100
451 389
451 624
451 903
451 945
451 1323
451 1735
451 1757
451 2104
452 140
452 1068
452 1291
453 323
454 1094
454 1689
455 1044
456 717
457 1589
458 184
459 69
460 1689
461 25
462 756
462 821
462 1518
463 1660
464 1035
464 1667
465 1748
466 1107
467 1274
468 1475
469 1239
470 326
471 501
472 252
473 1880
474 15
474 28
474 49
474 121
474 477
474 653
474 896
475 255
475 982
476 1778
477 67
477 227
477 474
477 550
477 556
477 757
477 760
477 941
477 955
477 1423
477 1518
477 1530
477 1615
477 1689
477 1925
477 1950
478 1589
479 61
479 757
479 1689
480 1882
481 1022
482 1154
483 212
483 1688
484 257
485 1525
486 1475
487 981
487 1689
488 171
488 227
488 1028
488 1239
489 1965
490 336
490 393
490 403
490 533
490 542
490 688
490 721
490 828
490 842
490 865
490 1706
490 1948
490 2051
491 6
491 338
491 389
491 429
491 576
491 653
491 672
491 765
491 1239
491 1257
491 1339
491 1445
491 1735
491 1828
491 1943
491 2105
492 116
492 228
492 1693
493 1373
493 1689
493 1961
494 1234
495 69
496 1035
497 118
497 821
498 757
499 257
500 702
500 2054
501 20
501 81
501 171
501 236
501 396
501 403
501 471
501 604
501 668
501 815
501 863
501 902
501 952
501 1033
501 1067
501 1070
501 1218
501 1268
501 1325
501 1364
501 1377
501 1484
501 1500
501 1654
501 1666
501 1689
501 1789
501 1808
501 1818
501 1922
501 1946
502 69
502 756
503 55
504 69
504 1373
504 1781
504 1925
505 1373
505 1961
506 1763
507 1689
508 227
509 1763
510 1185
511 1589
512 69
512 178
513 845
514 674
515 31
516 2049
517 405
517 804
518 74
519 1404
520 253
520 323
520 1663
520 1799
521 242
521 278
521 524
521 525
521 697
521 719
521 729
521 1309
521 1539
521 1587
521 1738
521 1748
521 1790
521 1981
521 2015
522 69
523 1930
524 521
525 521
525 715
525 835
525 1390
525 1558
526 1594
527 748
527 959
527 1338
528 1022
529 1185
530 1589
531 1518
532 1427
533 326
533 490
533 1663
534 24
534 58
534 121
534 910
534 1666
534 1975
535 954
535 1338
535 1373
535 1968
536 629
536 1689
536 1893
537 982
538 1185
539 1154
540 1589
541 757
542 490
542 1107
543 633
543 1405
543 1473
543 1793
543 1965
544 1589
545 1903
546 189
546 1763
547 24
547 1347
548 379
548 2097
549 69
549 100
550 477
551 1660
552 206
553 98
554 1185
555 1006
555 1177
555 1338
555 1373
556 319
556 477
556 870
556 877
556 941
556 1446
556 1500
556 1781
556 1782
557 74
557 757
557 982
558 1373
559 151
559 205
559 672
559 1893
560 69
560 81
560 1689
561 69
562 1589
563 888
564 1154
565 1763
566 756
567 1589
568 57
569 349
570 31
571 319
571 717
572 98
573 69
574 1475
575 1185
576 491
577 1234
578 1589
579 212
579 2053
580 408
581 1313
582 1589
583 1446
584 982
585 757
586 757
587 171
588 1146
588 1274
589 1291
590 1763
591 913
591 1093
591 1180
592 69
593 1332
594 1982
595 1589
596 1185
597 1589
598 1589
599 1185
600 1589
601 974
602 69
602 253
602 1338
603 69
603 338
603 748
603 1446
603 1661
603 1670
604 501
605 34
606 69
607 1589
608 1185
609 32
610 222
611 1763
612 1274
613 1185
614 621
614 836
614 940
614 1543
614 1858
615 206
616 2074
617 1589
618 69
619 81
620 821
621 614
622 1882
623 1320
623 1769
623 1851
624 451
625 1154
626 326
627 1965
628 788
629 100
629 536
629 932
629 1177
629 1518
629 1784
629 1889
629 1925
630 69
631 1291
632 1404
633 543
633 715
634 81
634 1373
635 189
636 262
636 1488
636 1888
636 2012
637 1338
638 1882
639 318
639 1965
640 888
641 1154
642 1271
643 1763
644 1882
645 1322
646 46
646 213
646 222
646 227
647 25
648 1589
649 982
649 1338
649 1518
649 1663
650 756
651 143
652 941
653 114
653 363
653 474
653 491
653 768
653 1338
653 1375
654 1234
655 323
656 1274
657 1763
658 1185
659 717
660 98
661 2076
662 1012
662 1075
662 1731
662 1884
663 895
663 1262
663 1401
664 69
664 684
664 1289
665 198
665 307
665 423
665 1689
665 2026
666 363
667 32
668 69
668 303
668 346
668 405
668 501
668 1125
668 1185
668 1198
668 1493
668 1520
668 1660
669 98
670 61
671 148
671 1274
672 491
672 559
672 747
672 1589
673 1663
674 69
674 81
674 171
674 318
674 370
674 429
674 514
674 952
674 1107
674 1291
674 1373
674 1415
674 1496
674 1735
675 1415
676 1154
677 233
677 1520
677 1661
678 98
679 1107
680 1589
681 982
682 31
683 757
683 1039
684 72
684 664
684 792
684 932
684 950
684 1051
684 1321
685 31
686 25
686 206
686 1291
686 1689
687 702
688 490
688 820
689 1415
690 133
690 306
690 943
691 1044
692 25
692 1107
692 1799
693 31
693 1056
694 1589
695 1880
696 208
697 521
698 1589
699 1660
700 1832
701 1154
702 361
702 500
702 687
702 930
702 1007
702 1402
702 1586
702 1719
702 1897
702 2055
703 1234
704 1322
705 1274
706 871
707 206
708 898
709 1517
709 1518
709 1961
710 189
711 1660
712 1390
713 257
714 1880
715 26
715 40
715 525
715 633
715 979
715 1360
715 1459
715 1720
715 1796
715 1870
715 2122
716 1518
717 9
717 197
717 204
717 265
717 456
717 571
717 659
717 824
717 844
717 906
717 946
717 1009
717 1109
717 1176
717 1322
717 1491
717 1497
717 1770
717 1833
717 1873
717 1990
717 2008
717 2038
718 305
718 1589
719 521
720 156
720 810
720 924
720 1615
720 1689
720 1993
721 490
722 1763
723 1274
724 236
725 1660
726 1763
727 112
727 898
728 41
728 63
728 324
728 407
728 434
728 872
728 1138
728 1318
728 1419
728 1588
728 1604
728 1612
728 1709
728 1963
728 1974
728 2112
729 521
730 1185
731 74
732 898
733 1171
734 1965
735 148
736 190
736 1107
737 1880
738 757
739 757
739 875
740 1234
741 1882
742 100
743 1291
744 1056
745 1799
746 1589
747 672
747 1864
748 24
748 80
748 194
748 227
748 403
748 527
748 603
748 839
748 1033
748 1058
748 1373
748 1666
748 1689
748 1731
748 1944
749 253
749 998
749 1033
749 1067
749 1070
749 1239
749 1373
749 1689
750 1926
751 24
751 148
752 1239
753 360
753 951
754 416
754 1037
754 1575
755 253
755 1045
756 33
756 462
756 502
756 566
756 650
756 955
756 960
756 1005
756 1265
757 24
757 49
757 86
757 87
757 96
757 183
757 296
757 356
757 372
757 425
757 438
757 447
757 477
757 479
757 498
757 541
757 557
757 585
757 586
757 683
757 738
757 739
757 770
757 771
757 779
757 792
757 823
757 843
757 875
757 878
757 908
757 925
757 932
757 933
757 952
757 955
757 1005
757 1017
757 1040
757 1115
757 1123
757 1163
757 1164
757 1173
757 1201
757 1227
757 1239
757 1243
757 1311
757 1347
757 1387
757 1424
757 1485
757 1513
757 1543
757 1651
757 1662
757 1666
757 1668
757 1669
757 1670
757 1683
757 1689
757 1802
757 1826
757 1828
757 1861
757 1862
757 1955
757 2047
757 2089
757 2106
758 344
758 955
758 1689
759 1763
760 477
761 1763
762 98
762 343
762 948
762 1125
762 1739
762 2045
763 955
764 768
764 1000
764 1303
764 1373
764 1518
764 1663
765 100
765 491
765 1415
765 1965
766 1446
767 1
767 25
767 69
767 897
768 247
768 653
768 764
768 792
768 1070
768 1522
768 1791
768 1965
768 2046
769 1234
770 757
770 1604
770 2094
771 757
772 1882
773 1880
774 1882
775 1589
776 1627
777 100
777 409
777 1373
777 1961
778 1274
779 69
779 409
779 757
779 982
779 1689
780 1185
781 1660
782 32
782 1689
783 189
784 1313
785 982
786 1589
787 190
788 100
788 336
788 628
788 991
788 1004
788 1039
788 1387
788 1689
789 1234
790 1821
791 1589
792 61
792 69
792 202
792 398
792 409
792 684
792 757
792 768
792 898
792 982
792 1185
792 1338
792 1363
792 1373
792 1451
792 1493
792 1606
792 1663
792 1689
792 1830
792 1908
792 2100
793 303
794 1154
795 69
796 1274
797 189
798 1185
799 1185
800 1404
801 381
802 1338
803 1763
804 517
805 1185
806 1589
807 1239
808 1660
809 1291
810 720
811 1784
812 344
813 24
814 955
815 501
815 1120
816 344
817 1274
818 1056
819 1518
820 69
820 231
820 688
820 1268
820 1848
821 38
821 171
821 195
821 201
821 207
821 252
821 288
821 338
821 339
821 382
821 417
821 462
821 497
821 620
821 853
821 986
821 1030
821 1239
821 1246
821 1272
821 1315
821 1343
821 1400
821 1631
821 1662
821 1799
821 1828
821 1916
821 1931
822 25
823 757
824 25
824 717
824 1125
824 1663
825 1589
826 982
826 1373
826 1549
827 1518
828 490
828 845
828 1663
829 1882
830 932
831 1689
832 1882
833 1185
834 61
835 379
835 525
835 1371
835 1620
836 614
837 25
838 1663
839 748
840 1363
841 57
842 490
843 757
844 717
845 513
845 828
845 1965
846 1154
846 1882
847 1663
848 1239
848 1599
849 435
849 1307
849 1376
850 2049
851 1740
851 2078
852 1663
853 30
853 821
853 1663
853 1889
854 1882
855 56
856 1044
857 1882
858 2034
858 2123
859 1185
860 1185
861 1347
862 189
863 501
864 129
865 490
866 1589
867 374
868 1441
869 148
870 119
870 210
870 556
870 1088
870 1373
870 1961
871 706
871 930
871 1748
872 728
873 257
874 31
875 100
875 739
875 757
876 1107
877 556
878 757
879 1663
880 1274
881 1313
882 1589
883 189
884 1961
885 1589
886 1763
887 1905
888 52
888 95
888 563
888 640
888 1102
888 1396
888 1704
889 69
889 1325
890 333
890 937
891 1880
892 100
893 1518
894 234
894 919
895 663
895 1390
896 100
896 474
897 767
898 708
898 727
898 732
898 792
898 1879
898 1904
898 2114
899 1689
900 1373
901 1185
902 501
903 451
904 1234
905 1415
906 717
907 1044
908 757
909 1882
910 534
911 1336
912 57
913 591
914 1882
915 1965
916 171
916 1338
916 1373
916 1698
916 1784
917 1274
918 1044
919 894
920 1589
921 1404
922 344
923 208
923 1044
924 344
924 720
924 1000
924 1373
924 1689
925 757
926 1390
927 189
928 1390
929 102
929 1234
930 332
930 359
930 702
930 871
930 1748
930 1987
931 1663
931 2018
932 69
932 81
932 100
932 192
932 629
932 684
932 757
932 830
932 1156
932 1373
932 1487
932 1689
932 1813
932 1993
932 1996
932 2074
933 757
934 1689
935 1186
936 102
937 890
937 1313
937 1760
937 1961
938 1689
939 1660
940 614
941 69
941 100
941 227
941 338
941 401
941 411
941 477
941 556
941 652
941 1184
941 1520
941 1615
941 2052
941 2068
942 1390
943 429
943 690
944 1234
945 69
945 100
945 451
945 2068
946 717
947 1882
948 762
948 1338
948 1347
948 1496
948 2072
949 1415
950 684
951 753
952 25
952 69
952 100
952 323
952 501
952 674
952 757
952 1325
952 1352
952 1689
953 439
954 54
954 535
955 25
955 69
955 81
955 100
955 131
955 208
955 330
955 477
955 756
955 757
955 758
955 763
955 814
955 1079
955 1185
955 1214
955 1222
955 1250
955 1325
955 1338
955 1518
955 1689
955 1962
956 69
957 1498
958 148
959 19
959 64
959 527
959 1115
959 1426
959 1718
959 1953
959 1997
960 756
961 1688
962 1660
963 189
964 1882
965 2011
966 1415
967 1663
968 1185
969 1882
970 1390
971 24
972 1799
973 98
974 298
974 446
974 601
974 1023
974 1238
974 1333
974 1515
974 1810
975 89
975 100
976 1763
977 1663
978 18
978 1069
978 1329
978 1337
978 1688
978 1965
979 715
980 1589
981 487
981 1568
981 1689
981 1880
982 24
982 36
982 107
982 131
982 236
982 243
982 253
982 320
982 432
982 475
982 537
982 557
982 584
982 649
982 681
982 779
982 785
982 792
982 826
982 1022
982 1114
982 1132
982 1164
982 1170
982 1285
982 1396
982 1479
982 1602
982 1668
982 1749
982 1827
982 1828
982 1847
982 1881
982 1953
982 1955
982 1961
982 2034
982 2070
982 2102
983 100
983 1446
984 1589
985 1781
986 821
987 2078
988 1092
989 323
990 195
990 1961
991 788
992 1404
993 1663
994 1347
994 1396
995 1274
996 1496
997 1415
998 2
998 749
998 1518
998 1616
998 2125
999 1234
1000 28
1000 339
1000 764
1000 924
1000 1003
1000 1211
1000 1239
1000 1271
1000 1381
1000 1408
1000 1800
1000 1986
1000 2074
1001 31
1001 1338
1002 1589
1003 69
1003 1000
1003 1925
1004 788
1005 756
1005 757
1005 1047
1005 1347
1005 1373
1006 555
1007 702
1007 1390
1008 1688
1009 717
1010 1589
1011 1087
1012 662
1012 1258
1013 57
1014 1107
1015 1496
1016 1234
1017 757
1018 24
1018 1496
1019 1589
1020 189
1021 1787
1022 481
1022 528
1022 982
1022 1239
1022 1713
1023 974
1024 1185
1025 189
1026 100
1027 1234
1028 488
1029 69
1030 821
1031 69
1032 1559
1033 69
1033 208
1033 501
1033 748
1033 749
1033 1185
1033 1556
1033 1558
1033 1589
1034 69
1035 328
1035 464
1035 496
1035 1229
1035 1313
1035 1390
1035 1456
1035 1615
1035 2109
1036 100
1037 342
1037 754
1037 1245
1037 1327
1037 1493
1037 1798
1038 1589
1039 683
1039 788
1040 757
1041 69
1042 1234
1043 1154
1044 62
1044 73
1044 134
1044 199
1044 214
1044 220
1044 221
1044 239
1044 268
1044 287
1044 301
1044 340
1044 440
1044 455
1044 691
1044 856
1044 907
1044 918
1044 923
1044 1195
1044 1324
1044 1341
1044 1385
1044 1465
1044 1574
1044 1703
1044 1805
1044 1872
1044 1920
1044 1921
1044 1969
1044 2118
1045 755
1046 1185
1047 1005
1047 1362
1047 1626
1048 1154
1049 24
1050 1185
1051 684
1052 1291
1053 1880
1054 69
1054 2052
1055 1856
1056 33
1056 101
1056 171
1056 230
1056 270
1056 339
1056 693
1056 744
1056 818
1056 1912
1057 1589
1058 748
1059 1589
1060 1604
1060 1799
1061 1107
1062 69
1062 409
1062 1520
1063 1487
1064 69
1064 1589
1065 25
1066 1234
1067 69
1067 217
1067 501
1067 749
1067 1113
1067 1268
1067 1549
1067 1663
1067 1683
1067 1689
1067 2019
1068 452
1068 1314
1069 328
1069 978
1069 1458
1070 24
1070 69
1070 319
1070 501
1070 749
1070 768
1070 1198
1070 1338
1070 1373
1070 1676
1070 1689
1070 1735
1070 1925
1071 2011
1072 1185
1073 69
1074 69
1075 662
1076 1615
1077 1688
1078 189
1079 955
1080 98
1081 189
1082 1185
1083 1111
1084 1185
1085 1185
1086 1961
1087 1011
1087 1219
1087 1355
1087 1419
1087 1461
1088 870
1089 189
1090 1441
1091 69
1091 1415
1091 1436
1091 2036
1092 988
1092 1349
1093 591
1094 454
1095 100
1096 189
1097 273
1098 31
1099 2097
1100 257
1101 2056
1102 888
1103 233
1104 1991
1105 1689
1106 1589
1107 0
1107 7
1107 162
1107 196
1107 207
1107 255
1107 256
1107 312
1107 322
1107 382
1107 466
1107 542
1107 674
1107 679
1107 692
1107 736
1107 876
1107 1014
1107 1061
1107 1115
1107 1369
1107 1416
1107 1430
1107 1724
1107 1823
1107 1942
1107 2059
1107 2068
1108 1689
1109 717
1110 69
1111 1083
1111 1338
1111 1415
1111 1689
1112 143
1113 1067
1113 1689
1113 2074
1114 982
1115 100
1115 757
1115 959
1115 1107
1116 1589
1117 1880
1118 1185
1119 1185
1120 159
1120 815
1120 2029
1121 1325
1122 1589
1123 757
1124 208
1125 253
1125 432
1125 668
1125 762
1125 824
1125 1443
1126 242
1126 1965
1127 1731
1128 2049
1129 1589
1130 2114
1131 1589
1132 982
1133 1828
1133 1924
1134 2011
1135 25
1136 408
1137 1404
1138 728
1139 1446
1140 410
1141 1185
1142 1223
1143 323
1144 1589
1145 323
1146 588
1147 1589
1148 1589
1148 1799
1149 4
1150 69
1150 1689
1150 1880
1151 1663
1152 69
1152 323
1152 1185
1153 1784
1153 2072
1154 75
1154 117
1154 203
1154 316
1154 419
1154 482
1154 539
1154 564
1154 625
1154 641
1154 676
1154 701
1154 794
1154 846
1154 1043
1154 1048
1154 1167
1154 1235
1154 1255
1154 1292
1154 1305
1154 1334
1154 1346
1154 1398
1154 1550
1154 1569
1154 1801
1154 1876
1154 1935
1154 1947
1155 1880
1156 932
1157 1689
1158 236
1159 69
1160 1185
1161 189
1162 257
1163 757
1164 74
1164 757
1164 982
1164 1177
1164 1239
1164 1338
1164 1518
1164 1589
1164 1689
1164 1980
1164 1991
1165 1663
1165 2115
1166 1589
1167 1154
1168 1185
1169 1185
1170 982
1171 103
1171 248
1171 304
1171 733
1171 1371
1171 1551
1172 257
1172 1589
1173 757
1174 24
1175 1589
1176 717
1177 41
1177 100
1177 555
1177 629
1177 1164
1177 1500
1177 1603
1178 1289
1179 1660
1180 31
1180 69
1180 591
1181 69
1182 1185
1183 1458
1184 941
1185 34
1185 51
1185 70
1185 109
1185 120
1185 142
1185 153
1185 164
1185 168
1185 173
1185 201
1185 224
1185 226
1185 271
1185 279
1185 290
1185 309
1185 313
1185 327
1185 331
1185 348
1185 366
1185 375
1185 421
1185 429
1185 437
1185 442
1185 510
1185 529
1185 538
1185 554
1185 575
1185 596
1185 599
1185 608
1185 613
1185 658
1185 668
1185 730
1185 780
1185 792
1185 798
1185 799
1185 805
1185 833
1185 859
1185 860
1185 901
1185 955
1185 968
1185 1024
1185 1033
1185 1046
1185 1050
1185 1072
1185 1082
1185 1084
1185 1085
1185 1118
1185 1119
1185 1141
1185 1152
1185 1160
1185 1168
1185 1169
1185 1182
1185 1220
1185 1244
1185 1275
1185 1276
1185 1280
1185 1285
1185 1288
1185 1300
1185 1301
1185 1302
1185 1330
1185 1342
1185 1351
1185 1387
1185 1410
1185 1448
1185 1449
1185 1467
1185 1478
1185 1480
1185 1502
1185 1531
1185 1544
1185 1565
1185 1577
1185 1601
1185 1602
1185 1632
1185 1691
1185 1712
1185 1725
1185 1765
1185 1768
1185 1783
1185 1811
1185 1836
1185 1839
1185 1873
1185 1890
1185 1909
1185 1944
1185 1945
1185 1959
1185 1994
1185 1999
1185 2004
1185 2007
1185 2033
1185 2075
1185 2087
1185 2113
1185 2123
1185 2136
1186 935
1186 1274
1187 182
1187 1390
1187 1414
1187 1926
1187 2003
1188 1509
1189 1282
1189 1501
1190 69
1191 1589
1192 1660
1193 417
1194 1279
1195 1044
1196 235
1197 292
1197 1689
1198 367
1198 668
1198 1070
1198 1736
1198 1819
1198 2030
1199 24
1200 1390
1201 757
1202 100
1203 1689
1204 1589
1205 4
1205 28
1205 1965
1206 1965
1207 1882
1208 1880
1209 155
1209 1350
1209 1532
1210 1903
1211 1000
1212 1446
1213 1239
1214 955
1214 1347
1214 1373
1215 24
1216 1415
1217 25
1218 106
1218 501
1218 1415
1218 1589
1218 1925
1219 1087
1220 1185
1221 1882
1222 955
1223 269
1223 1142
1223 1730
1223 2007
1224 1880
1225 1390
1226 1882
1227 757
1228 1965
1229 1035
1229 1458
1230 100
1231 1589
1232 1589
1233 218
1234 135
1234 215
1234 236
1234 249
1234 300
1234 449
1234 494
1234 577
1234 654
1234 703
1234 740
1234 769
1234 789
1234 904
1234 929
1234 944
1234 999
1234 1016
1234 1027
1234 1042
1234 1066
1234 1263
1234 1296
1234 1307
1234 1395
1234 1566
1234 1605
1234 1646
1234 1665
1234 1694
1234 1751
1234 1824
1234 1831
1234 2043
1234 2068
1235 1154
1236 69
1237 1589
1238 974
1238 1458
1238 2045
1239 45
1239 55
1239 69
1239 100
1239 241
1239 469
1239 488
1239 491
1239 749
1239 752
1239 757
1239 807
1239 821
1239 848
1239 1000
1239 1022
1239 1164
1239 1213
1239 1373
1239 1380
1239 1415
1239 1464
1239 1486
1239 1518
1239 1519
1239 1549
1239 1568
1239 1616
1239 1661
1239 1663
1239 1756
1239 1764
1239 1866
1239 1902
1239 1905
1239 1944
1240 69
1240 406
1241 69
1241 166
1241 198
1241 425
1242 1589
1243 757
1244 1185
1245 1037
1245 1925
1246 821
1246 1799
1247 189
1248 1882
1249 1589
1250 955
1251 64
1252 408
1253 189
1254 201
1255 1154
1256 24
1256 258
1257 339
1257 491
1258 1012
1259 1992
1260 1390
1261 1840
1262 663
1262 1401
1262 2054
1263 1234
1264 189
1265 756
1266 1268
1267 1589
1268 31
1268 69
1268 100
1268 206
1268 314
1268 501
1268 820
1268 1067
1268 1266
1268 1518
1268 1660
1268 1689
1268 1931
1269 344
1270 32
1271 642
1271 1000
1272 821
1273 2029
1274 352
1274 365
1274 385
1274 467
1274 588
1274 612
1274 656
1274 671
1274 705
1274 723
1274 778
1274 796
1274 817
1274 880
1274 917
1274 995
1274 1186
1274 1308
1274 1430
1274 1547
1274 1583
1274 1645
1274 1715
1274 1852
1274 1894
1274 2050
1274 2098
1274 2133
1275 1185
1276 1185
1277 1338
1277 1373
1277 1663
1278 326
1279 69
1279 1194
1280 1185
1281 32
1282 1189
1282 1449
1283 1653
1284 1338
1285 982
1285 1185
1285 1572
1285 1880
1286 1589
1287 257
1288 1185
1289 664
1289 1178
1290 1589
1291 101
1291 116
1291 171
1291 201
1291 452
1291 589
1291 631
1291 674
1291 686
1291 743
1291 809
1291 1052
1291 1468
1291 1553
1291 1581
1291 1585
1291 1690
1291 1863
1291 1929
1291 2061
1292 1154
1293 129
1293 1492
1294 1349
1294 1373
1295 4
1296 1234
1297 184
1298 1660
1299 1589
1300 1185
1301 1185
1301 1880
1302 1185
1303 764
1304 25
1305 1154
1306 69
1307 849
1307 1234
1308 1274
1309 521
1310 168
1311 757
1311 1589
1312 1689
1313 47
1313 335
1313 387
1313 581
1313 784
1313 881
1313 937
1313 1035
1313 2028
1314 1068
1315 821
1316 2056
1317 69
1317 1425
1317 1880
1318 728
1319 1689
1320 623
1321 684
1322 31
1322 32
1322 100
1322 410
1322 645
1322 704
1322 717
1322 1345
1322 1903
1323 451
1323 1449
1323 1689
1324 1044
1325 24
1325 28
1325 218
1325 222
1325 417
1325 501
1325 889
1325 952
1325 955
1325 1121
1325 1626
1325 1689
1325 1844
1326 24
1327 1037
1328 1965
1329 978
1330 1185
1331 1996
1332 248
1332 593
1333 974
1334 1154
1335 1853
1336 911
1336 1518
1337 978
1337 2109
1338 16
1338 24
1338 69
1338 80
1338 82
1338 155
1338 403
1338 426
1338 527
1338 535
1338 555
1338 602
1338 637
1338 649
1338 653
1338 792
1338 802
1338 916
1338 948
1338 955
1338 1001
1338 1070
1338 1111
1338 1164
1338 1277
1338 1284
1338 1373
1338 1396
1338 1487
1338 1506
1338 1522
1338 1561
1338 1666
1338 1689
1338 1953
1338 1961
1338 2068
1338 2106
1339 491
1340 1660
1341 1044
1342 1185
1343 821
1344 1594
1344 1688
1345 1322
1346 1154
1347 24
1347 130
1347 253
1347 292
1347 547
1347 757
1347 861
1347 948
1347 994
1347 1005
1347 1214
1347 1518
1347 1589
1347 1857
1347 1925
1347 1961
1347 2007
1347 2083
1348 363
1349 170
1349 285
1349 1092
1349 1294
1349 1696
1350 1209
1350 1441
1350 1856
1351 1185
1352 100
1352 121
1352 323
1352 339
1352 952
1352 1755
1352 1782
1352 1820
1353 1549
1354 179
1355 1087
1356 1390
1357 1663
1358 189
1359 4
1360 715
1360 1404
1360 1507
1360 1859
1360 1965
1361 1763
1362 1047
1363 792
1363 840
1363 1944
1364 501
1365 1880
1366 100
1367 1763
1368 69
1369 1107
1370 1965
1371 835
1371 1171
1371 1475
1371 2054
1372 100
1373 11
1373 90
1373 100
1373 131
1373 138
1373 171
1373 190
1373 247
1373 403
1373 417
1373 493
1373 504
1373 505
1373 535
1373 555
1373 558
1373 634
1373 674
1373 748
1373 749
1373 764
1373 777
1373 792
1373 826
1373 870
1373 900
1373 916
1373 924
1373 932
1373 1005
1373 1070
1373 1214
1373 1239
1373 1277
1373 1294
1373 1338
1373 1415
1373 1616
1373 1643
1373 1678
1373 1683
1373 1689
1373 1699
1373 1708
1373 1726
1373 1735
1373 1787
1373 1806
1373 1828
1373 1832
1373 1953
1373 2023
1374 1880
1375 653
1376 849
1377 501
1378 2049
1379 1965
1380 69
1380 1239
1381 1000
1382 1965
1383 148
1384 1390
1385 1044
1386 1493
1387 69
1387 757
1387 788
1387 1185
1388 1604
1389 323
1390 147
1390 328
1390 420
1390 444
1390 525
1390 712
1390 895
1390 926
1390 928
1390 942
1390 970
1390 1007
1390 1035
1390 1187
1390 1200
1390 1225
1390 1260
1390 1356
1390 1384
1390 1402
1390 1528
1390 1560
1390 1594
1390 1629
1390 1653
1390 1780
1390 1792
1390 1850
1390 1986
1390 2054
1391 171
1391 1494
1391 1953
1392 184
1393 1882
1394 323
1395 1234
1396 61
1396 69
1396 253
1396 450
1396 888
1396 982
1396 994
1396 1338
1396 1525
1396 1902
1396 1913
1396 1972
1397 189
1398 1154
1398 1589
1398 1882
1399 1589
1399 1882
1400 69
1400 821
1400 1415
1400 1540
1401 663
1401 1262
1402 702
1402 1390
1403 100
1404 519
1404 632
1404 800
1404 921
1404 992
1404 1137
1404 1360
1404 1679
1404 1683
1405 543
1406 1589
1407 1663
1408 1000
1409 227
1410 1185
1411 128
1411 232
1411 1666
1411 2126
1412 1615
1413 1589
1414 1187
1415 66
1415 69
1415 126
1415 169
1415 207
1415 208
1415 222
1415 226
1415 238
1415 246
1415 261
1415 274
1415 297
1415 329
1415 334
1415 358
1415 414
1415 674
1415 675
1415 689
1415 765
1415 905
1415 949
1415 966
1415 997
1415 1091
1415 1111
1415 1216
1415 1218
1415 1239
1415 1373
1415 1400
1415 1468
1415 1537
1415 1621
1415 1664
1415 1766
1415 1815
1415 1851
1415 1925
1415 1934
1415 1992
1415 1993
1415 2005
1415 2011
1415 2016
1415 2035
1415 2093
1415 2131
1416 1107
1417 69
1417 2052
1418 1589
1419 728
1419 1087
1419 1589
1420 98
1421 1476
1421 2117
1422 236
1423 477
1423 1750
1424 757
1425 1317
1426 959
1427 236
1427 323
1427 532
1427 1496
1427 1689
1428 1589
1429 2049
1430 31
1430 252
1430 1107
1430 1274
1430 1446
1430 1659
1431 1882
1432 1663
1433 190
1434 148
1435 430
1436 139
1436 244
1436 1091
1436 1466
1436 1529
1437 189
1438 148
1439 236
1440 2027
1441 399
1441 868
1441 1090
1441 1350
1441 1597
1442 184
1443 1125
1444 189
1445 491
1446 24
1446 25
1446 100
1446 116
1446 208
1446 253
1446 336
1446 341
1446 556
1446 583
1446 603
1446 766
1446 983
1446 1139
1446 1212
1446 1430
1446 1518
1446 1567
1446 1577
1446 1602
1446 1673
1446 1697
1446 1992
1446 2012
1447 1518
1447 1924
1448 1185
1449 379
1449 1185
1449 1282
1449 1323
1449 1647
1449 1687
1449 2078
1450 1475
1451 792
1452 189
1453 1925
1454 1953
1455 1615
1456 1035
1457 1589
1458 26
1458 42
1458 200
1458 328
1458 1069
1458 1183
1458 1229
1458 1238
1458 1594
1458 2006
1459 715
1460 81
1461 1087
1462 1518
1463 69
1464 1239
1465 1044
1466 1436
1467 1185
1468 1291
1468 1415
1469 257
1470 1799
1471 25
1472 1689
1473 112
1473 179
1473 253
1473 390
1473 543
1473 1938
1474 33
1474 69
1475 351
1475 468
1475 486
1475 574
1475 1371
1475 1450
1475 1584
1475 1978
1476 69
1476 1421
1477 69
1478 1185
1479 982
1480 1185
1481 1799
1482 1689
1483 1620
1484 501
1485 757
1486 1239
1487 208
1487 932
1487 1063
1487 1338
1488 636
1489 1589
1490 1663
1491 717
1492 1293
1493 668
1493 792
1493 1037
1493 1386
1494 1391
1495 1882
1496 69
1496 110
1496 133
1496 674
1496 948
1496 996
1496 1015
1496 1018
1496 1427
1496 1562
1496 1689
1496 1735
1496 1886
1497 717
1498 24
1498 418
1498 957
1499 25
1500 501
1500 556
1500 1177
1501 1189
1502 1185
1503 148
1504 1589
1505 69
1505 1961
1506 1338
1507 1360
1508 101
1509 1188
1509 1666
1509 1689
1510 69
1511 236
1511 1689
1512 236
1513 757
1514 1604
1515 974
1516 1660
1517 189
1517 709
1517 1662
1517 1961
1518 3
1518 24
1518 144
1518 201
1518 207
1518 236
1518 325
1518 357
1518 462
1518 477
1518 531
1518 629
1518 649
1518 709
1518 716
1518 764
1518 819
1518 827
1518 893
1518 955
1518 998
1518 1164
1518 1239
1518 1268
1518 1336
1518 1347
1518 1446
1518 1447
1518 1462
1518 1520
1518 1527
1518 1761
1518 1787
1518 1791
1518 1875
1518 1884
1518 1893
1518 1944
1518 2020
1518 2119
1519 1239
1519 2079
1520 24
1520 323
1520 668
1520 677
1520 941
1520 1062
1520 1518
1521 1688
1522 768
1522 1338
1523 257
1524 233
1525 485
1525 1396
1526 1763
1527 1518
1528 1390
1529 161
1529 433
1529 1436
1530 477
1531 1185
1532 1209
1533 1882
1533 2056
1534 236
1535 257
1536 32
1537 1415
1538 2054
1539 430
1539 521
1539 1832
1540 1400
1541 2072
1542 344
1543 614
1543 757
1544 1185
1545 1882
1546 336
1547 1274
1548 1639
1549 24
1549 212
1549 826
1549 1067
1549 1239
1549 1353
1549 1595
1549 1689
1549 1789
1549 1953
1550 1154
1551 1171
1552 306
1553 24
1553 1291
1554 1880
1555 24
1556 25
1556 1033
1557 1784
1558 525
1558 1033
1558 1771
1559 100
1559 1032
1559 2049
1560 1390
1561 57
1561 206
1561 1338
1562 1496
1563 1666
1564 100
1565 1185
1566 1234
1567 1446
1568 981
1568 1239
1568 1573
1569 1154
1570 69
1571 69
1572 1285
1573 1568
1574 1044
1575 754
1575 1589
1576 1882
1577 1185
1577 1446
1578 2026
1579 227
1580 1589
1581 1291
1582 1882
1583 1274
1584 1475
1585 1291
1586 702
1587 521
1588 728
1589 14
1589 21
1589 60
1589 67
1589 79
1589 86
1589 100
1589 121
1589 124
1589 185
1589 211
1589 229
1589 253
1589 260
1589 283
1589 284
1589 299
1589 302
1589 317
1589 327
1589 355
1589 371
1589 376
1589 395
1589 431
1589 435
1589 457
1589 478
1589 511
1589 530
1589 540
1589 544
1589 562
1589 567
1589 578
1589 582
1589 595
1589 597
1589 598
1589 600
1589 607
1589 617
1589 648
1589 672
1589 680
1589 694
1589 698
1589 718
1589 746
1589 775
1589 786
1589 791
1589 806
1589 825
1589 866
1589 882
1589 885
1589 920
1589 980
1589 984
1589 1002
1589 1010
1589 1019
1589 1033
1589 1038
1589 1057
1589 1059
1589 1064
1589 1106
1589 1116
1589 1122
1589 1129
1589 1131
1589 1144
1589 1147
1589 1148
1589 1164
1589 1166
1589 1172
1589 1175
1589 1191
1589 1204
1589 1218
1589 1231
1589 1232
1589 1237
1589 1242
1589 1249
1589 1267
1589 1286
1589 1290
1589 1299
1589 1311
1589 1347
1589 1398
1589 1399
1589 1406
1589 1413
1589 1418
1589 1419
1589 1428
1589 1457
1589 1489
1589 1504
1589 1575
1589 1580
1589 1591
1589 1593
1589 1614
1589 1626
1589 1628
1589 1638
1589 1640
1589 1692
1589 1729
1589 1759
1589 1777
1589 1794
1589 1797
1589 1809
1589 1817
1589 1821
1589 1822
1589 1846
1589 1896
1589 1901
1589 1906
1589 1910
1589 1941
1589 1953
1589 1956
1589 1981
1589 2002
1589 2025
1589 2048
1589 2082
1589 2084
1589 2086
1589 2090
1589 2094
1589 2096
1589 2101
1589 2111
1589 2124
1589 2138
1590 323
1591 1589
1592 1689
1593 1589
1594 526
1594 1344
1594 1390
1594 1458
1595 1549
1596 189
1597 1441
1598 1880
1599 848
1600 2056
1601 1185
1602 69
1602 982
1602 1185
1602 1446
1603 1177
1604 50
1604 728
1604 770
1604 1060
1604 1388
1604 1514
1604 1630
1604 2046
1605 1234
1606 792
1607 100
1607 1663
1608 323
1609 1748
1610 148
1611 1663
1612 728
1613 1660
1614 1589
1615 136
1615 477
1615 720
1615 941
1615 1035
1615 1076
1615 1412
1615 1455
1615 2115
1616 998
1616 1239
1616 1373
1617 212
1618 100
1619 192
1620 835
1620 1483
1621 1415
1622 69
1622 1799
1623 1882
1624 1882
1625 369
1626 1047
1626 1325
1626 1589
1627 69
1627 776
1628 1589
1629 1390
1630 1604
1631 821
1632 1185
1633 190
1634 1689
1635 100
1636 408
1637 1763
1638 1589
1639 306
1639 1548
1639 1746
1639 1867
1640 1589
1641 100
1642 120
1643 1373
1644 1925
1645 1274
1646 1234
1647 33
1647 1449
1648 69
1649 25
1650 1882
1651 757
1652 1663
1653 1283
1653 1390
1654 501
1655 57
1656 69
1657 1688
1658 57
1659 1430
1660 65
1660 84
1660 92
1660 172
1660 235
1660 275
1660 463
1660 551
1660 668
1660 699
1660 711
1660 725
1660 781
1660 808
1660 939
1660 962
1660 1179
1660 1192
1660 1268
1660 1298
1660 1340
1660 1516
1660 1613
1660 1754
1660 1854
1660 1874
1660 1907
1660 1928
1660 1932
1661 69
1661 143
1661 603
1661 677
1661 1239
1662 25
1662 757
1662 821
1662 1517
1663 184
1663 195
1663 253
1663 362
1663 363
1663 403
1663 520
1663 533
1663 649
1663 673
1663 764
1663 792
1663 824
1663 828
1663 838
1663 847
1663 852
1663 853
1663 879
1663 931
1663 967
1663 977
1663 993
1663 1067
1663 1151
1663 1165
1663 1239
1663 1277
1663 1357
1663 1407
1663 1432
1663 1490
1663 1607
1663 1611
1663 1652
1663 1685
1663 1695
1663 1714
1663 1716
1663 1727
1663 1733
1663 1761
1663 1828
1663 1835
1663 1961
1663 1977
1663 2046
1663 2063
1663 2127
1664 1415
1665 1234
1666 69
1666 81
1666 137
1666 227
1666 303
1666 374
1666 409
1666 501
1666 534
1666 748
1666 757
1666 1338
1666 1411
1666 1509
1666 1563
1666 1689
1666 1925
1667 464
1668 757
1668 982
1669 757
1670 404
1670 603
1670 757
1671 2011
1672 98
1673 1446
1674 1925
1675 1882
1676 1070
1677 1882
1678 1373
1679 1404
1680 1689
1681 69
1682 303
1683 757
1683 1067
1683 1373
1683 1404
1684 69
1685 1663
1686 2052
1687 1449
1688 205
1688 364
1688 483
1688 961
1688 978
1688 1008
1688 1077
1688 1344
1688 1521
1688 1657
1688 1981
1688 1982
1688 2044
1688 2054
1688 2085
1688 2121
1689 24
1689 28
1689 33
1689 58
1689 69
1689 131
1689 139
1689 198
1689 222
1689 236
1689 245
1689 306
1689 325
1689 360
1689 383
1689 417
1689 454
1689 460
1689 477
1689 479
1689 487
1689 493
1689 501
1689 507
1689 536
1689 560
1689 665
1689 686
1689 720
1689 748
1689 749
1689 757
1689 758
1689 779
1689 782
1689 788
1689 792
1689 831
1689 899
1689 924
1689 932
1689 934
1689 938
1689 952
1689 955
1689 981
1689 1067
1689 1070
1689 1105
1689 1108
1689 1111
1689 1113
1689 1150
1689 1157
1689 1164
1689 1197
1689 1203
1689 1268
1689 1312
1689 1319
1689 1323
1689 1325
1689 1338
1689 1373
1689 1427
1689 1472
1689 1482
1689 1496
1689 1509
1689 1511
1689 1549
1689 1592
1689 1634
1689 1666
1689 1680
1689 1705
1689 1717
1689 1731
1689 1747
1689 1748
1689 1752
1689 1792
1689 1865
1689 1883
1689 1887
1689 1893
1689 1925
1689 1953
1689 1961
1689 1971
1689 1979
1689 2001
1689 2036
1689 2062
1689 2069
1689 2073
1689 2092
1689 2134
1690 1291
1691 1185
1692 1589
1693 492
1694 1234
1695 1663
1696 1349
1697 1446
1698 344
1698 916
1699 1373
1700 189
1701 69
1702 98
1703 1044
1704 888
1705 1689
1705 1925
1706 490
1707 208
1708 25
1708 69
1708 208
1708 381
1708 1373
1708 1784
1709 728
1710 1882
1711 433
1712 1185
1713 1022
1714 1663
1715 1274
1716 1663
1717 1689
1718 959
1718 1961
1719 702
1720 715
1721 152
1722 148
1723 81
1724 1107
1725 1185
1726 69
1726 1373
1727 380
1727 1663
1728 57
1728 69
1729 1589
1730 1223
1731 69
1731 110
1731 662
1731 748
1731 1127
1731 1689
1732 69
1733 1663
1734 326
1735 69
1735 100
1735 253
1735 451
1735 491
1735 674
1735 1070
1735 1373
1735 1496
1735 2076
1736 1198
1737 189
1737 1763
1738 208
1738 521
1739 762
1740 851
1741 1882
1742 1763
1743 1898
1744 323
1745 25
1745 439
1746 1639
1747 1689
1748 465
1748 521
1748 871
1748 930
1748 1609
1748 1689
1748 1832
1749 982
1750 1423
1751 1234
1752 1689
1753 189
1754 1660
1755 1352
1756 1239
1756 1952
1756 2027
1757 451
1758 98
1759 1589
1760 937
1761 1518
1761 1663
1762 208
1763 44
1763 105
1763 146
1763 177
1763 209
1763 267
1763 276
1763 294
1763 345
1763 378
1763 400
1763 413
1763 506
1763 509
1763 546
1763 565
1763 590
1763 611
1763 643
1763 657
1763 722
1763 726
1763 759
1763 761
1763 803
1763 886
1763 976
1763 1361
1763 1367
1763 1526
1763 1637
1763 1737
1763 1742
1763 1899
1763 1923
1763 1964
1763 1973
1763 2042
1764 397
1764 1239
1764 1807
1765 1185
1766 1415
1767 227
1768 1185
1769 623
1770 717
1771 1558
1772 69
1773 2011
1774 253
1775 257
1776 1880
1777 1589
1778 148
1778 476
1779 69
1780 1390
1781 236
1781 504
1781 556
1781 985
1781 1887
1782 556
1782 1352
1783 1185
1784 157
1784 222
1784 448
1784 629
1784 811
1784 916
1784 1153
1784 1557
1784 1708
1784 1925
1784 1983
1784 2120
1785 2049
1786 2049
1787 208
1787 1021
1787 1373
1787 1518
1788 2119
1789 501
1789 1549
1790 521
1791 768
1791 1518
1792 1390
1792 1689
1793 543
1793 1954
1794 1589
1795 28
1796 715
1797 1589
1798 1037
1799 24
1799 111
1799 520
1799 692
1799 745
1799 821
1799 972
1799 1060
1799 1148
1799 1246
1799 1470
1799 1481
1799 1622
1799 2046
1800 1000
1801 1154
1802 757
1803 1924
1804 69
1805 1044
1806 1373
1807 1764
1808 501
1809 1589
1810 974
1811 1185
1812 2056
1813 932
1814 32
1815 1415
1816 1991
1817 148
1817 1589
1818 501
1819 1198
1820 1352
1821 790
1821 1589
1822 1589
1823 1107
1824 1234
1825 189
1826 757
1827 982
1828 25
1828 491
1828 757
1828 821
1828 982
1828 1133
1828 1373
1828 1663
1829 408
1830 792
1831 1234
1832 700
1832 1373
1832 1539
1832 1748
1832 1949
1832 2109
1833 717
1834 323
1835 1663
1836 1185
1837 257
1838 1882
1839 1185
1840 25
1840 1261
1841 148
1842 1882
1843 137
1844 1325
1845 1929
1846 1589
1847 384
1847 982
1847 1965
1848 820
1849 1965
1850 1390
1851 623
1851 1415
1852 1274
1853 1335
1853 1997
1854 1660
1855 1882
1856 1055
1856 1350
1857 1347
1858 614
1859 1360
1860 69
1861 757
1862 757
1863 1291
1864 747
1865 1689
1866 1239
1867 1639
1868 4
1869 148
1870 715
1871 64
1872 1044
1873 717
1873 1185
1874 1660
1875 1518
1876 1154
1877 323
1878 32
1879 898
1880 97
1880 427
1880 473
1880 695
1880 714
1880 737
1880 773
1880 891
1880 981
1880 1053
1880 1117
1880 1150
1880 1155
1880 1208
1880 1224
1880 1285
1880 1301
1880 1317
1880 1365
1880 1374
1880 1554
1880 1598
1880 1776
1880 1958
1880 1966
1880 1970
1880 2024
1880 2033
1881 982
1882 5
1882 12
1882 35
1882 77
1882 113
1882 123
1882 141
1882 160
1882 163
1882 174
1882 282
1882 310
1882 347
1882 354
1882 402
1882 480
1882 622
1882 638
1882 644
1882 741
1882 772
1882 774
1882 829
1882 832
1882 846
1882 854
1882 857
1882 909
1882 914
1882 947
1882 964
1882 969
1882 1207
1882 1221
1882 1226
1882 1248
1882 1393
1882 1398
1882 1399
1882 1431
1882 1495
1882 1533
1882 1545
1882 1576
1882 1582
1882 1623
1882 1624
1882 1650
1882 1675
1882 1677
1882 1710
1882 1741
1882 1838
1882 1842
1882 1855
1882 1937
1882 1967
1882 2000
1882 2009
1882 2010
1882 2021
1882 2057
1882 2058
1882 2088
1882 2094
1882 2108
1882 2110
1883 57
1883 102
1883 1689
1884 662
1884 1518
1885 1965
1886 266
1886 1496
1887 69
1887 188
1887 300
1887 1689
1887 1781
1888 636
1889 100
1889 363
1889 629
1889 853
1890 1185
1891 212
1892 69
1893 69
1893 273
1893 277
1893 536
1893 559
1893 1518
1893 1689
1894 1274
1895 319
1896 1589
1897 702
1898 281
1898 325
1898 1743
1898 2081
1899 1763
1900 336
1901 1589
1902 236
1902 417
1902 1239
1902 1396
1903 545
1903 1210
1903 1322
1904 898
1905 887
1905 1239
1906 1589
1907 1660
1908 792
1909 1185
1910 1589
1911 410
1912 1056
1913 1396
1914 24
1915 69
1916 821
1917 31
1918 408
1919 189
1920 1044
1921 1044
1922 501
1923 1763
1924 33
1924 300
1924 436
1924 1133
1924 1447
1924 1803
1925 127
1925 477
1925 504
1925 629
1925 1003
1925 1070
1925 1218
1925 1245
1925 1347
1925 1415
1925 1453
1925 1644
1925 1666
1925 1674
1925 1689
1925 1705
1925 1784
1925 1992
1926 409
1926 750
1926 1187
1927 148
1928 1660
1929 1291
1929 1845
1930 4
1930 523
1931 821
1931 1268
1932 1660
1933 349
1934 1415
1935 1154
1936 81
1937 1882
1938 1473
1939 69
1940 189
1941 1589
1942 1107
1943 491
1944 69
1944 100
1944 748
1944 1185
1944 1239
1944 1363
1944 1518
1945 1185
1946 501
1947 1154
1948 490
1949 1832
1950 477
1951 2011
1952 1756
1953 69
1953 208
1953 339
1953 959
1953 982
1953 1338
1953 1373
1953 1391
1953 1454
1953 1549
1953 1589
1953 1689
1953 2073
1954 1793
1955 757
1955 982
1956 1589
1957 114
1958 1880
1959 1185
1960 31
1961 31
1961 33
1961 69
1961 85
1961 100
1961 127
1961 246
1961 363
1961 493
1961 505
1961 709
1961 777
1961 870
1961 884
1961 937
1961 982
1961 990
1961 1086
1961 1338
1961 1347
1961 1505
1961 1517
1961 1663
1961 1689
1961 1718
1961 1980
1961 1988
1962 955
1963 728
1964 1763
1965 17
1965 53
1965 76
1965 167
1965 186
1965 489
1965 543
1965 627
1965 639
1965 734
1965 765
1965 768
1965 845
1965 915
1965 978
1965 1126
1965 1205
1965 1206
1965 1228
1965 1328
1965 1360
1965 1370
1965 1379
1965 1382
1965 1847
1965 1849
1965 1885
1965 1981
1965 2117
1966 1880
1967 1882
1968 535
1969 1044
1970 1880
1971 1689
1972 1396
1973 1763
1974 25
1974 728
1975 534
1976 206
1977 1663
1978 1475
1979 1689
1980 1164
1980 1961
1981 392
1981 521
1981 1589
1981 1688
1981 1965
1982 594
1982 1688
1983 1784
1984 2049
1985 31
1986 24
1986 1000
1986 1390
1987 930
1988 1961
1989 69
1989 81
1990 717
1991 1104
1991 1164
1991 1816
1991 2070
1992 1259
1992 1415
1992 1446
1992 1925
1993 720
1993 932
1993 1415
1994 1185
1995 430
1996 932
1996 1331
1997 959
1997 1853
1998 100
1999 1185
2000 1882
2001 1689
2002 381
2002 1589
2003 1187
2004 1185
2005 1415
2006 1458
2007 410
2007 1185
2007 1223
2007 1347
2008 717
2009 1882
2010 1882
2011 965
2011 1071
2011 1134
2011 1415
2011 1671
2011 1773
2011 1951
2012 636
2012 1446
2013 409
2014 69
2015 521
2016 1415
2017 430
2018 931
2019 1067
2020 1518
2021 1882
2022 69
2023 1373
2024 1880
2025 1589
2026 29
2026 665
2026 1578
2027 1440
2027 1756
2028 47
2028 1313
2029 1120
2029 1273
2030 25
2030 69
2030 233
2030 1198
2031 69
2032 100
2033 1185
2033 1880
2034 24
2034 233
2034 858
2034 982
2035 1415
2036 433
2036 1091
2036 1689
2037 257
2038 717
2039 55
2040 2123
2041 2056
2042 1763
2043 1234
2044 1688
2045 762
2045 1238
2046 69
2046 768
2046 1604
2046 1663
2046 1799
2047 757
2048 1589
2049 223
2049 264
2049 516
2049 850
2049 1128
2049 1378
2049 1429
2049 1559
2049 1785
2049 1786
2049 1984
2050 1274
2051 490
2052 941
2052 1054
2052 1417
2052 1686
2053 579
2054 500
2054 1262
2054 1371
2054 1390
2054 1538
2054 1688
2055 702
2056 165
2056 321
2056 1101
2056 1316
2056 1533
2056 1600
2056 1812
2056 2041
2057 1882
2058 1882
2059 1107
2060 69
2061 1291
2062 1689
2063 1663
2064 28
2065 31
2066 326
2067 61
2068 941
2068 945
2068 1107
2068 1234
2068 1338
2069 1689
2070 982
2070 1991
2070 2099
2071 69
2072 22
2072 24
2072 322
2072 394
2072 948
2072 1153
2072 1541
2073 1689
2073 1953
2074 208
2074 616
2074 932
2074 1000
2074 1113
2075 1185
2076 661
2076 1735
2077 100
2078 851
2078 987
2078 1449
2079 1519
2080 374
2081 1898
2082 1589
2083 1347
2084 1589
2085 1688
2086 1589
2087 1185
2088 1882
2089 757
2090 1589
2091 257
2092 1689
2093 1415
2094 69
2094 770
2094 1589
2094 1882
2095 2115
2096 1589
2097 548
2097 1099
2098 100
2098 1274
2099 2070
2100 43
2100 792
2101 1589
2102 982
2103 69
2104 451
2105 491
2106 408
2106 757
2106 1338
2107 69
2108 1882
2109 1035
2109 1337
2109 1832
2110 1882
2111 1589
2112 728
2113 1185
2114 898
2114 1130
2115 122
2115 1165
2115 1615
2115 2095
2116 54
2117 1421
2117 1965
2118 1044
2119 56
2119 1518
2119 1788
2120 1784
2121 1688
2122 715
2123 858
2123 1185
2123 2040
2124 1589
2125 998
2126 1411
2127 1663
2128 236
2129 69
2130 100
2131 1415
2132 148
2133 1274
2134 1689
2135 189
2136 1185
2137 206
2138 1589
