2989 4660
0 1
0 2
0 3
0 4
1 0
1 1300
1 2111
2 0
2 910
3 0
3 2187
4 0
5 6
6 5
6 176
6 605
6 1054
6 1318
6 1701
6 1706
6 1707
6 1708
6 1709
6 1710
6 1711
6 1712
7 8
7 9
7 10
8 7
8 11
8 880
8 1422
8 1423
8 1424
8 1425
8 1426
8 1427
8 1428
8 1429
8 1430
8 1431
8 1432
8 1433
9 7
9 11
9 880
9 1422
9 1423
9 1424
9 1425
9 1426
9 1427
9 1428
9 1429
9 1430
9 1431
9 1432
9 1433
9 2528
10 7
10 11
10 880
10 1422
10 1423
10 1424
10 1425
10 1426
10 1427
10 1428
10 1429
10 1430
10 1431
10 1432
10 1433
11 8
11 9
11 10
12 13
13 12
13 813
13 1739
14 15
14 16
14 17
15 14
15 66
15 1315
15 2171
15 2508
15 2609
15 2622
15 2623
16 14
16 1315
16 2508
16 2609
16 2622
16 2623
17 14
18 19
19 18
19 294
19 296
19 297
19 299
19 1087
19 2110
19 2157
19 2719
20 21
20 22
21 20
21 1222
22 20
22 1436
22 1619
22 1649
22 1690
22 1917
22 2700
22 2778
23 24
23 25
23 26
24 23
24 552
24 1933
24 2709
24 2710
24 2711
24 2712
24 2713
24 2714
25 23
26 23
26 626
26 1021
26 1530
26 1612
26 1696
26 2097
27 28
27 29
28 27
28 644
28 1936
29 27
29 644
29 1936
30 31
30 32
30 33
30 34
30 35
31 30
31 349
31 350
31 351
32 30
32 81
33 30
33 656
33 657
34 30
35 30
35 1529
35 1702
36 37
37 36
38 39
38 40
38 41
39 38
39 793
39 794
39 795
39 796
39 797
39 798
39 799
39 800
39 801
39 802
39 803
39 804
39 805
40 38
40 793
40 794
40 795
40 796
40 797
40 798
40 799
40 800
40 801
40 802
40 803
40 804
40 805
41 38
41 461
41 639
41 793
41 794
41 795
41 796
41 797
41 798
41 799
41 800
41 801
41 802
41 803
41 804
41 805
41 1199
41 2650
41 2651
42 43
43 42
43 102
43 572
43 988
43 1012
43 1013
43 1014
43 1015
43 1016
43 1017
43 1018
43 1019
43 1020
43 1024
43 1151
43 1152
43 1153
43 1154
43 1155
43 1156
43 1157
43 1158
44 45
44 46
44 47
44 48
45 44
45 585
45 586
45 587
46 44
46 1538
46 1753
47 44
47 750
48 44
48 1350
49 50
50 49
51 52
52 51
52 556
52 1512
52 2294
52 2481
53 54
53 55
54 53
54 1655
54 1872
54 1873
54 1874
54 1875
54 1876
54 1877
54 1878
54 1879
54 1880
54 1881
54 1882
54 1883
54 1884
54 1885
54 1886
54 1887
55 53
55 235
55 1655
55 1872
55 1873
55 1874
55 1875
55 1876
55 1877
55 1878
55 1879
55 1881
55 1882
55 1883
55 1884
55 1885
55 1886
55 1887
55 2184
55 2229
56 57
56 58
56 59
57 56
57 1174
57 1610
57 1656
57 1809
57 1907
57 1909
57 1932
57 2065
57 2279
57 2396
57 2491
57 2529
57 2586
57 2646
57 2647
57 2838
57 2843
57 2844
57 2845
58 56
58 635
58 1656
58 1907
58 1909
58 1932
58 2065
58 2279
58 2395
58 2396
58 2491
58 2529
58 2586
58 2646
58 2647
58 2838
58 2843
58 2844
59 56
59 1174
59 1610
59 1656
59 1809
59 1907
59 1909
59 1932
59 2065
59 2279
59 2396
59 2491
59 2529
59 2586
59 2646
59 2647
59 2838
59 2843
59 2844
59 2845
60 61
60 62
60 63
61 60
61 727
61 728
61 729
61 730
61 731
62 60
62 2483
63 60
63 727
63 728
63 729
63 730
63 731
63 1307
64 65
65 64
66 15
66 67
67 66
67 669
67 881
67 932
67 1078
67 1308
67 1348
67 1378
67 1541
67 1944
67 1945
67 1946
67 1947
67 1948
68 69
68 70
68 71
68 72
68 73
68 74
69 68
69 1133
69 1575
69 1744
69 1745
69 1746
69 1747
70 68
70 1563
70 1680
70 2119
70 2120
71 68
71 1174
72 68
72 769
72 1467
72 1468
72 1810
72 2336
73 68
73 637
73 958
73 1177
73 1681
74 68
74 357
74 513
74 2281
74 2602
75 76
76 75
76 292
76 390
76 1390
76 1643
76 1728
76 1951
76 2587
76 2778
76 2856
76 2930
76 2931
77 78
77 79
77 80
78 77
78 577
78 594
78 606
78 607
78 608
78 609
78 610
78 611
78 612
78 613
78 1096
78 2014
79 77
79 577
79 594
79 606
79 607
79 608
79 609
79 610
79 611
79 612
79 613
79 1096
79 2014
80 77
80 1050
81 32
81 82
82 81
82 162
82 1507
82 1508
82 1509
82 1510
82 2210
83 84
84 83
85 86
86 85
86 127
86 753
86 1403
86 2066
86 2397
87 88
87 89
87 90
87 91
88 87
88 1575
88 1576
88 1577
89 87
89 437
89 1611
89 2059
89 2165
89 2392
89 2393
90 87
90 530
90 2355
91 87
92 93
92 94
92 95
93 92
93 96
93 1477
94 92
94 96
94 1392
94 1477
95 92
95 96
95 1477
95 2736
96 93
96 94
96 95
97 98
98 97
98 365
98 390
98 616
98 618
98 1190
98 1512
98 2835
98 2836
99 100
99 101
99 102
99 103
99 104
99 105
100 99
101 99
101 1926
102 43
102 99
102 192
102 897
102 1533
102 1766
102 1769
102 1937
102 1938
102 1939
102 1940
102 1941
103 99
104 99
105 99
105 298
105 1325
106 107
106 108
107 106
108 106
108 832
108 833
108 834
108 835
108 836
109 110
110 109
110 1662
110 1690
110 1910
110 2006
110 2007
110 2008
110 2009
110 2010
110 2011
111 112
111 113
112 111
113 111
114 115
114 116
115 114
115 929
115 1252
115 1270
115 2849
115 2850
116 114
116 2849
117 118
117 119
117 120
117 121
117 122
117 123
118 117
118 191
118 254
118 255
118 256
119 117
119 191
119 254
119 255
119 256
120 117
120 191
120 254
120 255
120 256
121 117
121 191
121 254
121 255
121 256
122 117
122 191
122 254
122 255
122 256
123 117
123 191
123 254
123 255
123 256
124 125
125 124
125 2630
126 127
126 128
127 86
127 126
127 250
127 754
127 755
127 756
127 757
127 759
127 1411
127 1532
127 1915
127 2269
128 126
128 574
128 1306
128 1473
128 2314
128 2348
128 2354
129 130
130 129
130 1781
130 2380
130 2381
131 132
131 133
131 134
131 135
131 136
131 137
131 138
131 139
131 140
131 141
131 142
131 143
131 144
131 145
131 146
131 147
131 148
131 149
131 150
131 151
131 152
131 153
131 154
132 131
132 907
132 995
132 996
133 131
133 907
133 995
133 996
134 131
135 131
135 907
135 995
135 996
136 131
136 484
136 2088
136 2089
137 131
137 907
137 995
137 996
138 131
138 907
138 995
138 996
139 131
140 131
140 543
140 645
140 1451
141 131
141 648
141 1537
142 131
142 707
142 1349
142 2471
143 131
144 131
144 907
144 995
144 996
145 131
145 907
145 995
145 996
146 131
147 131
148 131
149 131
149 907
149 995
149 996
150 131
150 907
150 995
150 996
151 131
151 907
151 995
151 996
152 131
152 907
152 995
152 996
153 131
154 131
154 907
154 995
154 996
155 156
156 155
156 2521
156 2832
156 2833
156 2834
157 158
157 159
157 160
158 157
158 1002
158 1488
158 1489
158 1490
158 1491
158 1492
158 2015
158 2016
158 2017
158 2018
158 2019
158 2020
158 2021
158 2022
158 2023
158 2024
159 157
159 162
159 1002
159 1488
159 1489
159 1490
159 1491
159 1492
159 1582
159 1737
159 2015
159 2016
159 2017
159 2018
159 2020
159 2021
159 2022
159 2023
159 2024
160 157
160 532
160 1002
160 1488
160 1489
160 1490
160 1491
160 1492
160 1726
160 2015
160 2016
160 2017
160 2018
160 2020
160 2021
160 2022
160 2023
160 2024
160 2786
161 162
161 163
162 82
162 159
162 161
162 1134
163 161
163 826
163 1180
164 165
165 164
165 1856
166 167
166 168
167 166
167 241
167 1642
167 2071
167 2072
168 166
168 241
168 409
168 412
168 1642
168 2012
168 2071
168 2072
169 170
169 171
170 169
170 790
171 169
171 790
172 173
173 172
173 619
173 1564
173 1782
173 2041
174 175
175 174
175 187
175 1253
176 6
177 178
178 177
178 2077
178 2483
179 180
179 181
180 179
180 391
180 2582
180 2583
180 2740
180 2861
181 179
181 1218
181 1220
181 1574
181 2643
182 183
182 184
182 185
182 186
182 187
183 182
183 190
183 1254
183 1264
183 1286
183 1791
184 182
184 698
184 787
184 1666
185 182
185 190
185 1254
185 1264
185 1286
185 1791
186 182
186 1254
186 1264
186 1286
186 1791
187 175
187 182
188 189
189 188
189 2312
189 2545
189 2828
190 183
190 185
190 191
190 192
190 193
191 118
191 119
191 120
191 121
191 122
191 123
191 190
191 929
191 970
191 971
191 1122
191 1685
191 1687
191 1711
191 2081
192 102
192 190
192 193
192 2556
193 190
193 192
193 515
193 1341
193 1579
193 2045
193 2267
193 2394
194 195
195 194
195 485
195 997
196 197
196 198
196 199
196 200
196 201
196 202
196 203
197 196
197 383
197 384
197 669
197 670
197 671
198 196
198 2064
199 196
199 478
199 479
199 480
199 481
200 196
200 2064
201 196
201 661
201 1160
201 2692
202 196
202 957
203 196
203 217
203 1324
203 1915
203 2566
203 2580
204 205
204 206
204 207
205 204
205 489
206 204
206 376
206 531
206 888
206 889
206 1840
206 2527
207 204
207 508
207 888
207 889
207 1813
207 2262
207 2453
208 209
208 210
208 211
209 208
209 278
209 637
210 208
210 1225
210 1405
210 1798
210 2391
210 2412
210 2569
210 2670
211 208
212 213
212 214
212 215
212 216
212 217
212 218
212 219
213 212
213 980
213 981
213 982
214 212
215 212
215 1243
215 1324
215 2473
215 2474
216 212
217 203
217 212
218 212
219 212
220 221
220 222
221 220
221 505
221 897
221 1138
221 1209
221 1455
221 2306
221 2926
222 220
222 667
222 685
222 861
222 942
222 987
222 1541
222 2501
222 2572
222 2834
222 2894
222 2976
223 224
223 225
223 226
224 223
224 328
224 329
224 330
224 331
224 405
224 406
224 407
224 408
224 409
224 410
224 411
224 412
224 413
224 414
224 415
224 416
224 417
224 418
224 419
224 420
224 421
224 422
224 423
225 223
225 787
225 1620
225 1621
225 1622
226 223
226 578
226 864
227 228
228 227
228 1751
229 230
230 229
230 669
230 781
230 782
230 783
230 784
230 785
230 786
230 787
230 788
230 789
231 232
231 233
231 234
232 231
232 531
232 532
233 231
233 1310
233 1311
234 231
234 526
234 2608
235 55
235 236
235 237
236 235
236 1224
236 2142
237 235
237 681
238 239
238 240
238 241
239 238
239 697
239 1735
239 1736
240 238
240 790
241 167
241 168
241 238
241 2766
242 243
242 244
242 245
242 246
243 242
243 1147
244 242
244 1202
244 1208
244 1209
244 1210
245 242
245 1201
245 1202
245 1208
245 1209
245 1210
245 1220
246 242
246 601
246 1258
247 248
248 247
248 319
248 458
248 650
249 250
249 251
249 252
249 253
250 127
250 249
251 249
251 843
251 1590
251 1591
252 249
253 249
254 118
254 119
254 120
254 121
254 122
254 123
254 841
254 1963
255 118
255 119
255 120
255 121
255 122
255 123
255 764
255 1284
256 118
256 119
256 120
256 121
256 122
256 123
256 858
257 258
258 257
258 1998
259 260
259 261
260 259
260 485
260 962
260 1635
261 259
261 1497
262 263
262 264
263 262
264 262
265 266
266 265
266 1598
266 1629
266 1640
266 2539
266 2567
267 268
267 269
267 270
267 271
268 267
268 511
268 512
269 267
269 1195
269 1196
270 267
271 267
271 2258
272 273
272 274
272 275
273 272
273 491
273 959
273 1356
273 1436
273 1542
273 2078
273 2155
273 2300
273 2535
273 2589
273 2590
273 2591
273 2592
273 2593
273 2594
274 272
274 1021
274 1353
274 1474
274 1943
274 2243
274 2615
274 2630
274 2745
275 272
275 512
275 629
275 771
275 997
275 1642
275 1899
275 2641
275 2819
275 2981
276 277
277 276
277 810
277 2138
277 2174
277 2952
278 209
278 279
279 278
279 630
279 1127
279 2637
280 281
281 280
282 283
282 284
282 285
282 286
282 287
282 288
283 282
283 447
284 282
284 1525
285 282
285 2618
286 282
286 447
287 282
287 1436
288 282
288 957
289 290
289 291
290 289
290 589
290 1397
290 1398
290 1399
290 1400
291 289
291 589
291 1397
291 1398
291 1399
291 1400
292 76
292 293
292 294
292 295
292 296
292 297
292 298
292 299
293 292
293 1169
293 1767
293 1770
293 2150
293 2151
294 19
294 292
294 1240
295 292
295 1117
295 2530
296 19
296 292
296 1240
297 19
297 292
297 1240
298 105
298 292
298 469
298 637
298 2142
299 19
299 292
299 1240
300 301
300 302
300 303
300 304
300 305
301 300
301 664
301 717
301 1089
302 300
302 1247
302 1904
302 2595
302 2596
302 2597
302 2598
302 2599
303 300
303 1263
304 300
304 475
304 543
304 988
304 1458
304 1677
305 300
305 717
306 307
306 308
306 309
306 310
307 306
307 498
308 306
308 1901
308 1905
309 306
309 1901
309 1905
310 306
310 925
310 1625
310 1804
310 1849
310 2191
310 2374
310 2423
310 2589
310 2851
310 2852
311 312
312 311
313 314
313 315
313 316
313 317
314 313
314 1744
314 2289
315 313
315 631
315 692
315 1217
315 1521
315 2215
316 313
316 1612
316 1744
316 2289
317 313
317 628
317 960
317 1453
317 1552
317 2123
317 2270
317 2341
317 2547
317 2548
317 2635
317 2955
317 2983
317 2985
317 2986
318 319
318 320
318 321
318 322
319 248
319 318
319 975
319 1028
319 1699
319 1822
319 1823
319 1824
319 1825
319 1826
319 1827
319 1828
319 1829
319 1830
319 1831
319 1832
320 318
320 1475
321 318
321 977
321 979
321 2799
322 318
322 865
322 1894
322 2264
322 2288
322 2403
323 324
323 325
323 326
324 323
324 2101
325 323
325 2101
326 323
326 2101
327 328
327 329
327 330
327 331
327 332
327 333
327 334
327 335
327 336
327 337
327 338
327 339
328 224
328 327
328 409
328 412
328 567
328 568
328 569
328 570
328 571
329 224
329 327
329 409
329 412
329 567
329 568
329 569
329 570
329 571
330 224
330 327
330 409
330 412
330 567
330 568
330 569
330 570
330 571
331 224
331 327
331 409
331 412
331 567
331 568
331 569
331 570
331 571
332 327
332 1108
332 1109
332 1110
333 327
333 1256
333 1257
333 1258
333 1259
333 1260
334 327
334 368
334 369
334 370
334 1724
335 327
335 1600
335 2062
335 2502
336 327
337 327
338 327
339 327
340 341
340 342
341 340
341 1418
341 2893
342 340
343 344
343 345
343 346
344 343
344 1479
344 1480
345 343
345 362
345 364
345 682
345 686
345 761
345 1189
345 1381
345 1479
345 1480
345 1836
345 2408
345 2409
346 343
346 762
346 1478
346 1479
346 1480
346 1540
346 1660
346 1897
346 1952
346 2440
346 2441
346 2442
346 2443
346 2588
346 2625
346 2653
346 2655
346 2871
346 2916
347 348
348 347
348 476
348 482
348 619
348 1348
348 1410
348 1596
348 1714
348 1715
348 1786
348 2283
348 2284
348 2285
348 2286
349 31
349 771
349 1030
349 1249
349 1809
349 2140
349 2206
349 2314
349 2668
350 31
350 1931
351 31
351 722
351 934
351 1702
352 353
353 352
353 381
353 1116
353 1304
353 1377
353 1633
353 1853
353 1908
353 2004
353 2058
353 2266
353 2379
353 2578
353 2749
353 2775
353 2808
353 2860
353 2890
353 2891
354 355
354 356
354 357
354 358
355 354
356 354
356 1190
357 74
357 354
357 1741
357 2028
357 2057
357 2649
358 354
358 396
358 1370
359 360
360 359
360 361
360 651
360 652
360 653
360 654
360 655
360 656
360 657
360 658
360 659
360 660
361 360
362 345
362 363
363 362
363 364
363 682
363 686
363 761
363 1189
363 1381
363 1836
363 2408
363 2409
364 345
364 363
365 98
366 367
366 368
366 369
366 370
366 371
366 372
366 373
367 366
367 1062
367 1214
367 1330
367 2002
368 334
368 366
368 2212
369 334
369 366
369 462
369 470
369 900
369 2212
370 334
370 366
370 2212
371 366
371 846
371 847
371 849
371 850
371 851
371 852
371 853
371 854
371 855
371 856
371 857
372 366
372 1414
372 1556
372 1557
372 1559
373 366
373 1392
374 375
374 376
375 374
375 377
375 947
375 948
376 206
376 374
376 377
377 375
377 376
378 379
378 380
379 378
379 1664
380 378
380 1220
380 1663
380 2077
381 353
382 383
382 384
383 197
383 382
383 495
383 681
383 773
383 774
383 775
383 776
383 777
383 778
383 779
383 780
384 197
384 382
384 495
384 681
384 773
384 774
384 775
384 776
384 777
384 778
384 779
384 780
385 386
386 385
386 2152
386 2739
387 388
388 387
388 631
388 1158
388 1243
388 2474
388 2946
389 390
390 76
390 98
390 389
391 180
391 392
391 393
392 391
392 592
392 1399
392 2054
392 2127
392 2797
392 2811
392 2863
392 2949
393 391
393 1123
393 2268
394 395
395 394
395 614
395 2259
395 2260
396 358
396 397
396 398
396 399
396 400
396 401
396 402
397 396
397 601
398 396
398 471
398 907
398 1566
398 1583
399 396
399 471
399 907
399 1566
399 1583
400 396
400 1441
400 2449
401 396
401 1441
401 2449
402 396
402 728
402 729
402 1307
403 404
404 403
404 464
404 1009
404 1849
404 1850
404 1851
405 224
405 615
406 224
406 886
407 224
407 520
408 224
408 615
409 168
409 224
409 328
409 329
409 330
409 331
409 472
409 523
409 845
409 846
409 847
409 848
409 849
409 850
409 851
409 852
409 853
409 854
409 855
409 856
409 857
409 1055
409 1413
409 1464
409 1465
409 1466
410 224
410 1068
410 1069
411 224
412 168
412 224
412 328
412 329
412 330
412 331
412 472
412 523
412 845
412 846
412 847
412 848
412 849
412 850
412 851
412 852
412 853
412 854
412 855
412 856
412 857
412 1055
412 1413
412 1464
412 1465
412 1466
413 224
414 224
415 224
416 224
417 224
417 1160
417 1249
418 224
418 1505
419 224
420 224
420 440
421 224
421 2608
422 224
423 224
423 1753
424 425
424 426
424 427
425 424
425 427
425 698
425 699
425 1891
426 424
426 452
426 708
426 1888
426 2089
426 2840
427 424
427 425
427 698
427 699
427 1165
427 1166
428 429
428 430
428 431
429 428
429 1499
429 1506
429 1569
429 1572
429 1573
430 428
431 428
431 1449
431 1572
432 433
433 432
433 916
433 1967
433 1968
433 1969
434 435
435 434
435 751
435 2330
435 2716
435 2717
435 2718
436 437
436 438
437 89
437 436
437 439
437 741
437 886
437 1124
437 1250
437 1302
437 2003
438 436
438 439
438 1250
438 1894
438 2003
438 2282
438 2784
438 2826
439 437
439 438
440 420
440 441
440 442
440 443
440 444
441 440
441 1030
441 1309
442 440
442 456
442 731
442 961
442 1154
442 1341
442 1342
442 1343
442 1344
442 1345
442 1346
442 1347
442 1348
443 440
444 440
444 584
445 446
445 447
445 448
445 449
446 445
446 659
446 1304
446 2415
446 2523
446 2533
446 2839
446 2840
447 283
447 286
447 445
447 545
447 773
447 987
447 1549
447 2341
447 2445
448 445
448 669
448 735
448 1531
448 2232
449 445
450 451
451 450
452 426
452 453
453 452
453 585
453 1073
453 1391
453 1506
453 1507
453 1508
453 1509
453 1510
454 455
455 454
455 739
455 2633
456 442
456 457
457 456
457 470
457 965
457 966
457 967
457 968
457 969
457 970
457 971
457 972
457 973
457 974
458 248
458 459
458 460
458 461
459 458
459 650
460 458
460 650
460 964
460 2526
461 41
461 458
461 650
461 2814
462 369
463 464
463 465
463 466
463 467
463 468
463 469
464 404
464 463
464 648
464 742
464 1258
464 1332
465 463
465 517
465 1010
465 1767
465 1770
466 463
466 928
467 463
467 928
468 463
469 298
469 463
469 1457
469 1458
469 1472
469 1860
469 2920
470 369
470 457
470 471
470 472
470 473
471 398
471 399
471 470
471 967
471 1913
471 1914
471 2628
471 2629
472 409
472 412
472 470
472 532
472 771
472 967
472 1774
472 1790
472 1808
472 2786
472 2862
473 470
473 496
473 719
473 967
473 1236
473 1257
474 475
475 304
475 474
475 858
475 1118
475 1340
475 1380
475 2227
475 2297
475 2320
475 2495
475 2696
475 2747
476 348
476 477
476 478
476 479
476 480
476 481
477 476
478 199
478 476
478 505
478 1134
478 1388
478 1602
478 2343
478 2532
478 2702
478 2703
479 199
479 476
479 505
479 1134
479 1388
479 1602
479 2343
479 2532
479 2702
479 2703
480 199
480 476
480 505
480 1134
480 1388
480 1602
480 2343
480 2532
480 2702
480 2703
481 199
481 476
481 505
481 1134
481 1388
481 1602
481 2343
481 2532
481 2702
481 2703
482 348
482 483
482 484
482 485
482 486
482 487
482 488
483 482
483 515
483 1074
483 2353
484 136
484 482
484 1520
484 1791
484 1801
484 2602
485 195
485 260
485 482
485 1222
485 1944
485 1978
485 2783
486 482
486 899
486 2600
487 482
487 515
487 2353
488 482
488 1996
488 2241
488 2898
489 205
489 490
489 491
489 492
489 493
489 494
490 489
490 1092
490 1672
491 273
491 489
491 529
492 489
492 978
493 489
493 630
493 1683
493 2700
494 489
494 2062
495 383
495 384
496 473
496 497
497 496
498 307
498 522
498 2199
498 2200
499 500
500 499
500 1145
500 1493
501 502
502 501
502 860
503 504
504 503
504 2645
504 2917
504 2918
504 2919
505 221
505 478
505 479
505 480
505 481
506 507
507 506
507 645
507 1045
507 2428
507 2938
508 207
509 510
510 509
510 1664
510 2462
511 268
512 268
512 275
512 2555
513 74
513 514
514 513
515 193
515 483
515 487
515 516
515 517
515 518
516 515
516 668
516 1417
517 465
517 515
517 1040
517 1459
517 1896
517 2315
517 2316
518 515
518 1542
518 2507
519 520
520 407
520 519
520 522
520 1390
520 1807
520 2040
520 2421
520 2497
520 2753
520 2754
520 2755
521 522
522 498
522 520
522 521
523 409
523 412
523 524
523 525
523 526
524 523
525 523
525 1742
525 1743
525 2420
526 234
526 523
526 2329
526 2416
527 528
527 529
528 527
528 882
528 2070
528 2217
529 491
529 527
529 786
529 1173
529 1268
529 1356
529 1674
529 1988
529 2480
529 2897
530 90
531 206
531 232
531 943
531 944
532 160
532 232
532 472
532 870
532 1560
532 2230
532 2787
533 534
533 535
534 533
534 624
534 1440
534 1445
534 1446
534 1447
534 1448
535 533
535 1445
535 2336
535 2813
535 2875
536 537
536 538
537 536
537 1037
537 1038
538 536
538 1037
538 1038
539 540
540 539
540 1296
540 1297
541 542
542 541
543 140
543 304
543 544
544 543
544 1454
544 1463
544 2028
544 2652
544 2653
545 447
546 547
547 546
548 549
549 548
549 557
549 737
549 738
549 2121
549 2814
549 2943
550 551
550 552
550 553
551 550
551 1198
551 1500
551 2119
551 2220
551 2221
551 2222
551 2223
551 2224
552 24
552 550
552 554
552 744
552 982
552 1076
552 1082
552 1163
552 1285
552 1297
552 1500
552 1546
552 1554
552 1937
552 1938
552 1940
552 1981
552 2049
552 2064
552 2095
552 2109
552 2170
552 2188
552 2189
552 2276
552 2365
552 2366
552 2367
552 2368
552 2369
552 2370
552 2371
552 2372
552 2373
552 2374
552 2375
552 2376
553 550
553 712
553 1438
553 1500
553 2134
553 2604
553 2605
554 552
554 555
554 556
555 554
555 2241
555 2636
556 52
556 554
556 1218
556 2062
556 2141
556 2446
557 549
557 558
557 559
557 560
558 557
558 737
558 738
559 557
559 737
559 738
559 1211
559 1212
560 557
560 629
560 737
560 738
560 791
560 1899
560 2057
560 2502
560 2816
561 562
561 563
562 561
562 1151
562 1448
562 1547
562 1579
562 1620
562 1855
562 1937
562 1938
562 1940
562 2368
562 2501
562 2715
563 561
563 741
563 766
564 565
564 566
565 564
565 676
565 951
565 1135
565 1136
565 1137
565 1138
565 1139
565 1140
565 1141
565 1142
565 1143
565 1144
566 564
566 584
566 911
567 328
567 329
567 330
567 331
567 1369
568 328
568 329
568 330
568 331
568 1818
568 1819
569 328
569 329
569 330
569 331
569 2096
570 328
570 329
570 330
570 331
571 328
571 329
571 330
571 331
572 43
572 573
572 574
572 575
572 576
572 577
572 578
572 579
572 580
573 572
573 1012
573 1013
573 1014
573 1015
573 1016
573 1017
573 1018
573 1019
573 1020
573 1021
573 1022
573 1023
573 1024
573 1025
573 1026
574 128
574 572
574 1012
574 1013
574 1014
574 1015
574 1016
574 1017
574 1018
574 1019
574 1020
574 1024
574 1133
574 1134
575 572
575 728
575 729
575 1012
575 1013
575 1014
575 1015
575 1016
575 1017
575 1018
575 1019
575 1020
575 1024
575 1307
575 1308
576 572
576 1012
576 1013
576 1014
576 1015
576 1016
576 1017
576 1018
576 1019
576 1020
576 1024
576 1528
576 1587
576 1732
576 1733
576 1734
577 78
577 79
577 572
577 775
577 1012
577 1013
577 1014
577 1015
577 1016
577 1017
577 1018
577 1019
577 1020
577 1024
578 226
578 572
578 1012
578 1013
578 1014
578 1015
578 1016
578 1017
578 1018
578 1019
578 1020
578 1024
578 1142
578 1416
578 1716
578 2785
579 572
579 1012
579 1013
579 1014
579 1015
579 1016
579 1017
579 1018
579 1019
579 1020
579 1024
580 572
580 1012
580 1013
580 1014
580 1015
580 1016
580 1017
580 1018
580 1019
580 1020
580 1024
580 1755
580 2821
580 2938
581 582
582 581
582 770
582 991
582 992
582 1233
582 2108
582 2204
582 2247
582 2338
582 2413
582 2724
582 2725
582 2726
582 2727
582 2728
582 2729
583 584
584 444
584 566
584 583
584 948
584 1453
585 45
585 453
585 1221
585 2767
586 45
586 648
586 707
586 2228
586 2723
586 2796
586 2928
587 45
587 1506
587 1820
587 2478
587 2687
587 2966
588 589
588 590
589 290
589 291
589 588
590 588
590 635
590 936
591 592
592 392
592 591
592 772
592 1070
593 594
593 595
593 596
593 597
593 598
593 599
593 600
593 601
593 602
593 603
594 78
594 79
594 593
594 604
594 606
594 607
594 608
594 610
594 611
594 613
594 630
594 944
594 1041
594 1042
594 1043
594 1044
594 1045
594 1046
595 593
595 604
595 1042
595 1044
595 1052
595 1846
595 1974
595 1975
595 1976
595 1977
596 593
596 604
596 1042
596 1044
596 1441
596 1985
597 593
597 598
597 604
597 641
597 1031
597 1032
597 1042
597 1044
597 1518
597 1975
597 2098
597 2099
598 593
598 597
598 603
598 604
598 1042
598 1044
598 2309
599 593
599 604
599 1042
599 1044
600 593
600 604
600 688
600 1042
600 1044
600 1266
601 246
601 397
601 593
601 604
601 624
601 1042
601 1044
601 1497
601 1744
602 593
602 604
602 1042
602 1044
603 593
603 598
603 604
603 641
603 1031
603 1032
603 1042
603 1044
603 1518
603 1975
603 2098
603 2099
604 594
604 595
604 596
604 597
604 598
604 599
604 600
604 601
604 602
604 603
604 605
604 606
604 607
604 608
604 609
604 610
604 611
604 612
604 613
605 6
605 604
605 1044
605 1438
606 78
606 79
606 594
606 604
606 630
606 944
606 1041
606 1043
606 1044
606 1045
606 1046
607 78
607 79
607 594
607 604
607 630
607 944
607 1041
607 1043
607 1044
607 1045
607 1046
608 78
608 79
608 594
608 604
608 630
608 944
608 1041
608 1043
608 1044
608 1045
608 1046
609 78
609 79
609 604
609 630
609 1041
609 1046
610 78
610 79
610 594
610 604
610 630
610 944
610 1041
610 1043
610 1044
610 1045
610 1046
611 78
611 79
611 594
611 604
611 630
611 944
611 1041
611 1043
611 1044
611 1046
612 78
612 79
612 604
612 630
612 1041
612 1046
613 78
613 79
613 594
613 604
613 630
613 944
613 1041
613 1043
613 1044
613 1045
613 1046
614 395
615 405
615 408
615 718
615 732
615 760
615 837
615 838
615 839
615 840
615 1003
615 1091
615 1321
615 1585
615 1639
615 1868
615 1869
615 1978
615 2417
615 2429
615 2430
615 2431
615 2432
615 2433
615 2434
615 2435
615 2436
615 2437
615 2438
615 2467
616 98
616 617
616 618
616 619
616 620
616 621
617 616
618 98
618 616
618 997
618 1133
618 1512
618 1784
618 2477
619 173
619 348
619 616
619 1331
619 2688
620 616
620 1362
620 1507
620 1508
620 1509
620 1510
620 1512
620 1738
621 616
622 623
622 624
622 625
622 626
622 627
623 622
623 2142
624 534
624 601
624 622
625 622
625 1297
625 1334
626 26
626 622
627 622
628 317
628 629
628 630
629 275
629 560
629 628
629 1900
630 279
630 493
630 594
630 606
630 607
630 608
630 609
630 610
630 611
630 612
630 613
630 628
630 1328
630 1329
630 1675
630 1676
631 315
631 388
631 632
631 633
631 634
631 635
632 631
632 1246
632 1247
633 631
633 1289
633 1290
634 631
634 931
634 1022
634 1289
634 2319
635 58
635 590
635 631
635 2103
635 2939
636 637
636 638
637 73
637 209
637 298
637 636
637 735
637 2272
637 2273
638 636
638 1178
638 2351
638 2377
639 41
639 640
640 639
640 1118
640 2307
641 597
641 603
641 642
641 643
641 644
642 641
643 641
644 28
644 29
644 641
644 1495
644 1615
644 1983
644 2227
644 2361
645 140
645 507
645 646
645 647
645 648
645 649
646 645
646 1046
647 645
647 1604
647 2304
648 141
648 464
648 586
648 645
648 1584
648 2305
648 2463
648 2514
648 2516
648 2517
649 645
649 1604
649 2304
650 248
650 459
650 460
650 461
651 360
652 360
653 360
654 360
655 360
656 33
656 360
656 657
657 33
657 360
657 656
658 360
659 360
659 446
659 1400
659 1950
659 2988
660 360
661 201
661 662
661 663
661 664
661 665
661 666
662 661
662 1050
663 661
664 301
664 661
665 661
665 1352
666 661
666 1812
667 222
667 668
668 516
668 667
668 1558
668 1600
669 67
669 197
669 230
669 448
670 197
670 1063
670 1454
670 1635
670 1979
671 197
672 673
672 674
672 675
672 676
672 677
672 678
672 679
672 680
672 681
672 682
672 683
672 684
672 685
672 686
673 672
674 672
675 672
676 565
676 672
677 672
678 672
679 672
679 2323
680 672
681 237
681 383
681 384
681 672
682 345
682 363
682 672
683 672
684 672
684 1302
685 222
685 672
685 1727
686 345
686 363
686 672
687 688
688 600
688 687
688 892
688 1889
688 2320
688 2536
688 2621
688 2650
688 2676
688 2677
689 690
689 691
690 689
690 930
690 1435
690 1441
690 1648
690 1863
690 2137
690 2226
690 2244
690 2300
690 2495
690 2496
690 2497
690 2498
691 689
691 1188
691 1354
691 1789
691 2515
691 2790
691 2924
692 315
692 693
693 692
693 1217
693 1263
693 1870
693 2213
693 2214
693 2215
693 2216
694 695
695 694
695 1612
696 697
697 239
697 696
697 1081
697 1256
697 1257
697 1679
697 1746
697 1970
697 2805
697 2888
698 184
698 425
698 427
698 699
698 700
699 425
699 427
699 698
699 1165
699 1166
700 698
700 1584
700 1638
700 1688
700 1916
700 2308
700 2463
700 2513
700 2514
700 2515
700 2516
700 2517
701 702
701 703
702 701
702 709
702 1421
703 701
703 709
703 1421
704 705
704 706
704 707
704 708
705 704
706 704
706 1011
706 1685
706 1713
706 1776
706 2100
707 142
707 586
707 704
707 2110
708 426
708 704
709 702
709 703
709 710
709 711
709 712
709 713
709 714
709 715
709 716
710 709
710 1001
711 709
711 1871
712 553
712 709
712 1164
712 1541
713 709
713 1001
714 709
715 709
716 709
717 301
717 305
718 615
718 719
719 473
719 718
719 732
719 837
719 838
719 839
719 840
719 1003
719 1091
719 1321
719 1585
719 1639
719 1868
719 1869
719 2417
719 2429
719 2430
719 2431
719 2432
719 2433
719 2434
719 2435
719 2436
719 2437
719 2438
720 721
721 720
721 2255
722 351
722 723
722 724
722 725
722 726
723 722
723 934
723 935
724 722
724 934
724 1702
725 722
725 934
726 722
726 934
726 1120
727 61
727 63
728 61
728 63
728 402
728 575
728 980
728 1085
728 1949
728 1950
728 1951
729 61
729 63
729 402
729 575
729 980
729 1085
729 1949
729 1950
729 1951
730 61
730 63
731 61
731 63
731 442
732 615
732 719
733 734
733 735
733 736
734 733
735 448
735 637
735 733
735 1779
735 1780
736 733
736 1730
737 549
737 558
737 559
737 560
738 549
738 558
738 559
738 560
739 455
739 740
739 741
740 739
740 1527
741 437
741 563
741 739
741 1354
742 464
742 743
742 744
742 745
743 742
743 1161
743 2358
743 2363
744 552
744 742
744 904
745 742
745 2483
746 747
747 746
747 1404
747 1717
747 2644
748 749
749 748
749 929
749 1458
749 2689
749 2721
749 2722
749 2757
749 2758
749 2759
749 2760
749 2761
749 2762
750 47
750 751
750 752
751 435
751 750
751 1693
751 2183
752 750
753 86
753 754
753 755
753 756
753 757
753 758
753 759
753 760
753 761
753 762
753 763
754 127
754 753
754 1402
754 1403
755 127
755 753
755 1402
755 1403
756 127
756 753
756 1402
756 1403
757 127
757 753
757 1402
757 1403
758 753
758 1704
758 1861
759 127
759 753
759 1402
759 1403
760 615
760 753
760 791
761 345
761 363
761 753
762 346
762 753
762 1657
763 753
763 1753
763 2731
763 2965
764 255
764 765
765 764
765 1284
765 1285
766 563
766 767
766 768
766 769
767 766
767 1156
767 2025
767 2026
767 2027
768 766
768 769
768 1548
768 1621
768 2296
768 2478
768 2775
769 72
769 766
769 768
769 883
769 1793
769 1999
770 582
770 771
771 275
771 349
771 472
771 770
771 1075
772 592
773 383
773 384
773 447
773 843
774 383
774 384
774 995
775 383
775 384
775 577
775 1637
776 383
776 384
776 1737
777 383
777 384
777 866
778 383
778 384
778 842
778 1137
778 1140
779 383
779 384
780 383
780 384
781 230
781 862
781 1146
781 1742
781 1743
782 230
783 230
784 230
785 230
785 1254
786 230
786 529
787 184
787 225
787 230
787 1310
788 230
789 230
789 2779
790 170
790 171
790 240
790 1188
790 1334
790 2889
791 560
791 760
791 792
792 791
793 39
793 40
793 41
794 39
794 40
794 41
795 39
795 40
795 41
796 39
796 40
796 41
797 39
797 40
797 41
798 39
798 40
798 41
799 39
799 40
799 41
800 39
800 40
800 41
801 39
801 40
801 41
802 39
802 40
802 41
803 39
803 40
803 41
804 39
804 40
804 41
805 39
805 40
805 41
806 807
806 808
806 809
806 810
806 811
807 806
807 911
808 806
808 1253
808 1254
808 1255
809 806
809 1253
809 1254
809 1255
810 277
810 806
810 1012
810 1013
810 1014
810 1016
810 1017
810 1164
811 806
811 1253
811 1254
811 1255
812 813
813 13
813 812
813 902
813 1687
813 1852
813 2979
814 815
814 816
814 817
815 814
815 1525
816 814
817 814
817 1486
818 819
819 818
819 1638
820 821
820 822
821 820
821 1750
821 2043
821 2456
821 2457
822 820
822 1750
822 2456
822 2457
823 824
823 825
824 823
824 1416
824 2390
825 823
825 2800
825 2846
825 2898
825 2958
826 163
826 827
827 826
827 1325
827 1461
827 1462
827 1463
828 829
829 828
829 1590
829 1913
829 1914
829 1937
829 1938
829 1940
829 1972
829 2042
829 2057
829 2067
829 2203
829 2368
829 2827
830 831
830 832
830 833
830 834
830 835
830 836
831 830
832 108
832 830
832 1915
832 1916
833 108
833 830
833 1915
833 1916
834 108
834 830
834 1915
834 1916
835 108
835 830
835 1915
835 1916
836 108
836 830
836 1915
836 1916
837 615
837 719
838 615
838 719
839 615
839 719
840 615
840 719
841 254
841 842
842 778
842 841
842 1414
842 2542
843 251
843 773
843 1004
843 1214
843 2577
843 2680
843 2768
844 845
844 846
844 847
844 848
844 849
844 850
844 851
844 852
844 853
844 854
844 855
844 856
844 857
845 409
845 412
845 844
845 1071
845 1072
845 1421
845 1895
845 1896
846 371
846 409
846 412
846 844
846 1071
846 1072
846 1421
846 1472
846 1739
846 1786
846 1847
846 1895
846 1896
846 2048
847 371
847 409
847 412
847 844
847 1071
847 1072
847 1421
847 1472
847 1739
847 1786
847 1847
847 1895
847 1896
847 2048
848 409
848 412
848 844
848 1071
848 1072
848 1421
848 1895
848 1896
849 371
849 409
849 412
849 844
849 1071
849 1072
849 1421
849 1472
849 1739
849 1786
849 1847
849 1895
849 1896
849 2048
850 371
850 409
850 412
850 844
850 1071
850 1072
850 1421
850 1472
850 1739
850 1786
850 1847
850 1895
850 1896
850 2048
851 371
851 409
851 412
851 844
851 1071
851 1072
851 1421
851 1472
851 1739
851 1786
851 1847
851 1895
851 1896
851 2048
852 371
852 409
852 412
852 844
852 1071
852 1072
852 1421
852 1847
852 1895
852 1896
852 2048
853 371
853 409
853 412
853 844
853 1071
853 1072
853 1421
853 1847
853 1895
853 1896
853 2048
854 371
854 409
854 412
854 844
854 1071
854 1072
854 1421
854 1472
854 1739
854 1786
854 1847
854 1895
854 1896
854 2048
855 371
855 409
855 412
855 844
855 1071
855 1072
855 1421
855 1847
855 1895
855 1896
855 2048
856 371
856 409
856 412
856 844
856 1071
856 1072
856 1421
856 1472
856 1739
856 1786
856 1847
856 1895
856 1896
856 2048
857 371
857 409
857 412
857 844
857 1071
857 1072
857 1421
857 1472
857 1739
857 1786
857 1847
857 1895
857 1896
857 2048
858 256
858 475
858 859
858 860
859 858
860 502
860 858
860 1663
860 1754
860 2782
861 222
861 862
861 863
861 864
862 781
862 861
862 1551
862 1978
862 1979
863 861
864 226
864 861
865 322
865 866
865 867
866 777
866 865
866 962
866 2263
866 2264
866 2265
867 865
867 970
867 1153
867 1255
867 2264
868 869
869 868
870 532
871 872
872 871
872 2156
872 2855
873 874
873 875
874 873
874 1434
874 1904
874 2639
874 2640
875 873
875 1434
875 1830
875 1832
875 2254
875 2640
876 877
877 876
877 2205
878 879
879 878
880 8
880 9
880 10
881 67
881 882
881 883
882 528
882 881
882 1604
883 769
883 881
883 1296
883 1732
883 2248
883 2250
883 2252
883 2253
883 2566
884 885
885 884
885 2493
886 406
886 437
886 887
886 888
886 889
886 890
886 891
886 892
886 893
886 894
887 886
887 1300
887 1301
887 1302
887 1303
888 206
888 207
888 886
888 2063
889 206
889 207
889 886
889 2324
889 2325
890 886
891 886
892 688
892 886
893 886
894 886
895 896
896 895
896 2564
896 2565
896 2566
897 102
897 221
897 898
897 899
897 900
897 901
897 902
898 897
899 486
899 897
899 1167
900 369
900 897
901 897
902 813
902 897
902 2764
903 904
904 744
904 903
904 2684
905 906
905 907
906 905
907 132
907 133
907 135
907 137
907 138
907 144
907 145
907 149
907 150
907 151
907 152
907 154
907 398
907 399
907 905
907 1006
907 1577
907 1745
907 1747
907 2119
908 909
908 910
909 908
909 910
910 2
910 908
910 909
910 928
910 2959
911 566
911 807
911 1632
912 913
912 914
912 915
912 916
913 912
913 1501
913 1700
913 2090
914 912
914 1966
914 2090
915 912
915 1690
915 2090
916 433
916 912
916 2090
917 918
917 919
917 920
917 921
917 922
917 923
917 924
918 917
918 2053
919 917
920 917
921 917
921 2053
922 917
923 917
923 2053
924 917
925 310
925 926
926 925
926 1562
926 2301
926 2746
926 2950
926 2951
927 928
927 929
927 930
928 466
928 467
928 910
928 927
928 988
928 989
928 990
929 115
929 191
929 749
929 927
929 1309
929 1578
929 2166
929 2309
929 2476
929 2923
930 690
930 927
930 1578
930 2356
931 634
931 932
931 933
932 67
932 931
933 931
933 2087
933 2281
933 2789
933 2790
934 351
934 723
934 724
934 725
934 726
935 723
936 590
936 937
937 936
937 2511
938 939
939 938
939 1235
939 1443
939 1731
939 2335
939 2576
940 941
940 942
941 940
941 1046
941 1646
941 1647
941 1648
941 1649
942 222
942 940
943 531
943 1297
943 1376
943 1377
944 531
944 594
944 606
944 607
944 608
944 610
944 611
944 613
944 964
944 1799
944 2450
944 2451
944 2452
944 2453
944 2454
945 946
946 945
947 375
947 2675
948 375
948 584
949 950
950 949
950 2176
950 2542
950 2573
950 2574
950 2575
951 565
952 953
953 952
953 1367
953 1634
953 1645
953 2582
953 2583
953 2673
953 2861
953 2911
953 2912
954 955
955 954
955 2378
955 2404
955 2405
955 2406
955 2407
956 957
956 958
957 202
957 288
957 956
957 1539
957 1540
957 1541
957 1542
957 1543
957 1544
958 73
958 956
958 1680
958 1788
958 2307
958 2334
958 2540
958 2541
958 2566
959 273
960 317
961 442
962 260
962 866
962 963
962 964
963 962
963 2086
964 460
964 944
964 962
965 457
966 457
967 457
967 471
967 472
967 473
968 457
969 457
970 191
970 457
970 867
971 191
971 457
972 457
972 2864
973 457
974 457
975 319
976 977
976 978
976 979
977 321
977 976
977 1591
977 2304
978 492
978 976
978 1252
978 1438
978 1860
978 2347
978 2383
978 2422
979 321
979 976
979 1591
979 2304
980 213
980 728
980 729
980 1181
980 1307
980 1778
980 1893
981 213
981 1200
981 1392
982 213
982 552
983 984
983 985
983 986
984 983
985 983
986 983
986 1325
987 222
987 447
988 43
988 304
988 928
988 1001
988 1027
988 2141
989 928
989 1350
990 928
991 582
992 582
993 994
994 993
994 1543
995 132
995 133
995 135
995 137
995 138
995 144
995 145
995 149
995 150
995 151
995 152
995 154
995 774
995 1514
995 1672
995 2128
995 2129
995 2130
996 132
996 133
996 135
996 137
996 138
996 144
996 145
996 149
996 150
996 151
996 152
996 154
996 1439
996 1930
996 2128
996 2129
996 2130
996 2627
996 2780
996 2781
996 2971
996 2972
997 195
997 275
997 618
997 2531
998 999
998 1000
999 998
999 1233
999 2053
1000 998
1001 710
1001 713
1001 988
1001 1467
1001 1468
1001 1469
1001 1470
1001 1471
1001 1472
1001 1473
1002 158
1002 159
1002 160
1003 615
1003 719
1004 843
1005 1006
1005 1007
1005 1008
1006 907
1006 1005
1006 1418
1006 1575
1006 1606
1006 1607
1006 1608
1006 1609
1007 1005
1007 1607
1007 2439
1007 2470
1008 1005
1008 1607
1008 2408
1009 404
1009 1010
1009 1011
1010 465
1010 1009
1010 1625
1010 1626
1010 1627
1010 1628
1011 706
1011 1009
1011 1936
1011 2218
1012 43
1012 573
1012 574
1012 575
1012 576
1012 577
1012 578
1012 579
1012 580
1012 810
1013 43
1013 573
1013 574
1013 575
1013 576
1013 577
1013 578
1013 579
1013 580
1013 810
1014 43
1014 573
1014 574
1014 575
1014 576
1014 577
1014 578
1014 579
1014 580
1014 810
1015 43
1015 573
1015 574
1015 575
1015 576
1015 577
1015 578
1015 579
1015 580
1016 43
1016 573
1016 574
1016 575
1016 576
1016 577
1016 578
1016 579
1016 580
1016 810
1017 43
1017 573
1017 574
1017 575
1017 576
1017 577
1017 578
1017 579
1017 580
1017 810
1018 43
1018 573
1018 574
1018 575
1018 576
1018 577
1018 578
1018 579
1018 580
1019 43
1019 573
1019 574
1019 575
1019 576
1019 577
1019 578
1019 579
1019 580
1020 43
1020 573
1020 574
1020 575
1020 576
1020 577
1020 578
1020 579
1020 580
1021 26
1021 274
1021 573
1022 573
1022 634
1023 573
1023 1981
1023 2841
1024 43
1024 573
1024 574
1024 575
1024 576
1024 577
1024 578
1024 579
1024 580
1025 573
1026 573
1027 988
1027 1028
1027 1029
1027 1030
1027 1031
1027 1032
1028 319
1028 1027
1029 1027
1029 1382
1029 2131
1029 2132
1029 2133
1030 349
1030 441
1030 1027
1030 1976
1030 2142
1031 597
1031 603
1031 1027
1031 2793
1032 597
1032 603
1032 1027
1032 2793
1033 1034
1034 1033
1034 1775
1034 1913
1034 1914
1034 2509
1034 2510
1034 2511
1034 2512
1035 1036
1036 1035
1037 537
1037 538
1037 1903
1038 537
1038 538
1039 1040
1040 517
1040 1039
1040 1241
1040 1242
1041 594
1041 606
1041 607
1041 608
1041 609
1041 610
1041 611
1041 612
1041 613
1042 594
1042 595
1042 596
1042 597
1042 598
1042 599
1042 600
1042 601
1042 602
1042 603
1043 594
1043 606
1043 607
1043 608
1043 610
1043 611
1043 613
1043 1170
1043 2169
1043 2177
1043 2178
1043 2179
1044 594
1044 595
1044 596
1044 597
1044 598
1044 599
1044 600
1044 601
1044 602
1044 603
1044 605
1044 606
1044 607
1044 608
1044 610
1044 611
1044 613
1045 507
1045 594
1045 606
1045 607
1045 608
1045 610
1045 613
1045 2942
1046 594
1046 606
1046 607
1046 608
1046 609
1046 610
1046 611
1046 612
1046 613
1046 646
1046 941
1047 1048
1047 1049
1048 1047
1048 1954
1048 1956
1048 2092
1048 2093
1048 2094
1048 2211
1048 2571
1048 2590
1048 2642
1048 2925
1049 1047
1049 1954
1049 1955
1049 1956
1049 1957
1049 1958
1049 2092
1049 2093
1049 2094
1049 2211
1049 2571
1049 2590
1049 2642
1049 2925
1050 80
1050 662
1050 1051
1050 1052
1050 1053
1051 1050
1052 595
1052 1050
1053 1050
1054 6
1055 409
1055 412
1055 1056
1055 1057
1056 1055
1056 1466
1057 1055
1057 1466
1058 1059
1058 1060
1058 1061
1059 1058
1059 1624
1060 1058
1060 1624
1061 1058
1061 1624
1062 367
1062 1063
1062 1064
1063 670
1063 1062
1063 1522
1063 2012
1063 2013
1064 1062
1064 2013
1065 1066
1066 1065
1066 1948
1066 2220
1067 1068
1067 1069
1068 410
1068 1067
1068 1098
1068 1099
1068 1100
1068 1101
1068 1102
1068 1103
1069 410
1069 1067
1069 1098
1069 1099
1069 1100
1069 1101
1069 1102
1069 1103
1070 592
1070 1071
1070 1072
1071 845
1071 846
1071 847
1071 848
1071 849
1071 850
1071 851
1071 852
1071 853
1071 854
1071 855
1071 856
1071 857
1071 1070
1071 1437
1071 2206
1071 2207
1072 845
1072 846
1072 847
1072 848
1072 849
1072 850
1072 851
1072 852
1072 853
1072 854
1072 855
1072 856
1072 857
1072 1070
1072 1437
1072 2206
1072 2207
1073 453
1074 483
1074 1075
1074 1076
1074 1077
1074 1078
1074 1079
1074 1080
1074 1081
1074 1082
1074 1083
1075 771
1075 1074
1075 1612
1075 1613
1076 552
1076 1074
1077 1074
1078 67
1078 1074
1079 1074
1079 1636
1080 1074
1080 1636
1081 697
1081 1074
1081 1495
1081 2329
1082 552
1082 1074
1083 1074
1084 1085
1085 728
1085 729
1085 1084
1085 1307
1085 1673
1085 1863
1085 2579
1085 2708
1085 2815
1086 1087
1086 1088
1087 19
1087 1086
1088 1086
1088 1457
1089 301
1089 1090
1090 1089
1091 615
1091 719
1092 490
1093 1094
1094 1093
1095 1096
1095 1097
1096 78
1096 79
1096 1095
1096 1706
1096 2295
1096 2984
1097 1095
1097 2984
1098 1068
1098 1069
1099 1068
1099 1069
1100 1068
1100 1069
1101 1068
1101 1069
1102 1068
1102 1069
1103 1068
1103 1069
1104 1105
1105 1104
1105 2287
1105 2546
1105 2673
1105 2674
1105 2675
1106 1107
1107 1106
1108 332
1109 332
1109 1462
1109 2783
1110 332
1111 1112
1112 1111
1112 1689
1112 1997
1113 1114
1113 1115
1114 1113
1114 1342
1114 1346
1114 2318
1115 1113
1116 353
1117 295
1118 475
1118 640
1118 1119
1119 1118
1120 726
1120 1121
1121 1120
1122 191
1122 1123
1122 1124
1122 1125
1123 393
1123 1122
1124 437
1124 1122
1124 1711
1124 2173
1124 2900
1125 1122
1125 1203
1125 1206
1125 1207
1125 1412
1125 2317
1126 1127
1127 279
1127 1126
1127 1638
1128 1129
1128 1130
1129 1128
1130 1128
1131 1132
1132 1131
1132 1545
1132 2122
1132 2600
1132 2831
1132 2881
1133 69
1133 574
1133 618
1133 1415
1133 1746
1133 1784
1133 2329
1134 162
1134 478
1134 479
1134 480
1134 481
1134 574
1134 2554
1135 565
1135 1215
1135 1442
1136 565
1137 565
1137 778
1138 221
1138 565
1138 2110
1139 565
1140 565
1140 778
1141 565
1142 565
1142 578
1142 1416
1143 565
1144 565
1144 1616
1145 500
1145 1146
1146 781
1146 1145
1147 243
1147 2272
1147 2292
1147 2293
1148 1149
1148 1150
1149 1148
1149 1191
1150 1148
1151 43
1151 562
1152 43
1153 43
1153 867
1154 43
1154 442
1155 43
1155 2104
1156 43
1156 767
1156 1394
1156 1395
1156 1579
1157 43
1157 1328
1157 1675
1157 1676
1157 1997
1158 43
1158 388
1158 1748
1158 2159
1159 1160
1160 201
1160 417
1160 1159
1160 1308
1160 1630
1160 2810
1160 2858
1160 2935
1161 743
1161 1162
1161 1163
1161 1164
1162 1161
1162 1232
1162 1456
1162 1570
1162 1759
1162 1760
1162 1761
1163 552
1163 1161
1163 1232
1163 1357
1163 1456
1163 1759
1163 1760
1163 1761
1163 2032
1163 2033
1163 2034
1163 2035
1163 2036
1163 2037
1163 2038
1163 2039
1164 712
1164 810
1164 1161
1164 1450
1164 1452
1164 1927
1164 2268
1164 2659
1164 2666
1164 2667
1165 427
1165 699
1166 427
1166 699
1167 899
1167 2180
1167 2181
1168 1169
1169 293
1169 1168
1169 2352
1170 1043
1170 1171
1171 1170
1171 1274
1171 1275
1171 1276
1171 1277
1171 1282
1171 1729
1172 1173
1172 1174
1172 1175
1172 1176
1172 1177
1172 1178
1173 529
1173 1172
1173 1270
1174 57
1174 59
1174 71
1174 1172
1175 1172
1175 2154
1176 1172
1176 2077
1177 73
1177 1172
1178 638
1178 1172
1179 1180
1180 163
1180 1179
1180 1622
1180 1960
1180 2587
1180 2956
1180 2957
1181 980
1181 1182
1181 1183
1181 1184
1181 1185
1181 1186
1181 1187
1182 1181
1182 1778
1183 1181
1184 1181
1185 1181
1185 1475
1185 1497
1185 2632
1186 1181
1186 1586
1187 1181
1187 1328
1187 1675
1187 1676
1188 691
1188 790
1189 345
1189 363
1190 98
1190 356
1190 1191
1190 1192
1191 1149
1191 1190
1192 1190
1192 2477
1192 2584
1192 2858
1193 1194
1194 1193
1194 2001
1195 269
1195 1774
1196 269
1196 1774
1197 1198
1198 551
1198 1197
1198 2000
1199 41
1199 1200
1199 1201
1199 1202
1200 981
1200 1199
1200 1314
1200 1682
1200 1683
1200 1684
1201 245
1201 1199
1202 244
1202 245
1202 1199
1203 1125
1203 1204
1203 1205
1204 1203
1204 1206
1204 1207
1204 2458
1205 1203
1205 1206
1205 1207
1205 2309
1205 2734
1206 1125
1206 1204
1206 1205
1207 1125
1207 1204
1207 1205
1208 244
1208 245
1208 1297
1209 221
1209 244
1209 245
1210 244
1210 245
1210 1663
1211 559
1211 1653
1212 559
1212 1586
1213 1214
1214 367
1214 843
1214 1213
1214 1843
1215 1135
1215 1216
1215 1217
1215 1218
1215 1219
1215 1220
1215 1221
1216 1215
1217 315
1217 693
1217 1215
1218 181
1218 556
1218 1215
1218 2163
1218 2190
1218 2191
1218 2192
1219 1215
1219 2116
1220 181
1220 245
1220 380
1220 1215
1221 585
1221 1215
1222 21
1222 485
1223 1224
1224 236
1224 1223
1224 1345
1224 2268
1224 2536
1224 2735
1224 2786
1225 210
1225 1226
1226 1225
1226 2056
1226 2273
1226 2694
1226 2701
1227 1228
1228 1227
1228 1266
1228 1267
1229 1230
1230 1229
1230 1971
1231 1232
1232 1162
1232 1163
1232 1231
1233 582
1233 999
1233 1234
1233 1235
1234 1233
1234 1548
1234 2741
1234 2742
1234 2743
1234 2744
1235 939
1235 1233
1235 1437
1235 2060
1235 2716
1236 473
1237 1238
1238 1237
1239 1240
1240 294
1240 296
1240 297
1240 299
1240 1239
1240 1326
1240 1327
1240 1989
1240 2800
1241 1040
1242 1040
1242 1487
1243 215
1243 388
1243 1244
1243 1245
1244 1243
1244 1538
1244 1618
1244 2306
1244 2474
1244 2660
1245 1243
1245 2474
1245 2748
1246 632
1246 1616
1246 2097
1247 302
1247 632
1247 1323
1247 2493
1247 2675
1247 2692
1248 1249
1249 349
1249 417
1249 1248
1249 2895
1250 437
1250 438
1251 1252
1252 115
1252 978
1252 1251
1252 2208
1252 2209
1253 175
1253 808
1253 809
1253 811
1254 183
1254 185
1254 186
1254 785
1254 808
1254 809
1254 811
1254 1459
1254 1836
1254 2275
1255 808
1255 809
1255 811
1255 867
1255 2106
1255 2107
1256 333
1256 697
1256 1435
1256 2203
1257 333
1257 473
1257 697
1257 1274
1257 1275
1257 1276
1257 1277
1257 1282
1257 1729
1257 2427
1257 2504
1257 2801
1258 246
1258 333
1258 464
1258 1457
1258 2206
1258 2365
1258 2500
1258 2824
1258 2830
1259 333
1260 333
1260 2427
1261 1262
1262 1261
1262 1946
1262 2271
1262 2319
1262 2444
1262 2898
1263 303
1263 693
1264 183
1264 185
1264 186
1264 1265
1265 1264
1265 2818
1266 600
1266 1228
1266 1351
1266 1415
1267 1228
1267 1505
1267 1586
1268 529
1269 1270
1269 1271
1270 115
1270 1173
1270 1269
1270 1346
1270 2809
1271 1269
1272 1273
1272 1274
1272 1275
1272 1276
1272 1277
1272 1278
1272 1279
1272 1280
1272 1281
1272 1282
1272 1283
1273 1272
1273 1401
1274 1171
1274 1257
1274 1272
1274 1592
1275 1171
1275 1257
1275 1272
1275 1592
1275 1593
1276 1171
1276 1257
1276 1272
1276 1592
1276 1593
1277 1171
1277 1257
1277 1272
1277 1592
1277 1593
1278 1272
1278 1858
1279 1272
1280 1272
1280 1376
1280 2478
1281 1272
1281 2783
1282 1171
1282 1257
1282 1272
1282 1592
1282 1593
1283 1272
1283 2114
1283 2307
1284 255
1284 765
1285 552
1285 765
1285 1933
1285 2709
1285 2710
1285 2711
1285 2712
1285 2713
1285 2714
1286 183
1286 185
1286 186
1287 1288
1288 1287
1289 633
1289 634
1290 633
1290 2389
1290 2794
1291 1292
1292 1291
1292 1386
1292 1408
1292 2315
1292 2317
1292 2333
1292 2342
1293 1294
1293 1295
1294 1293
1294 1597
1295 1293
1295 1519
1296 540
1296 883
1296 1331
1296 1570
1296 1571
1297 540
1297 552
1297 625
1297 943
1297 1208
1297 2974
1298 1299
1299 1298
1300 1
1300 887
1300 1410
1300 1411
1300 1412
1300 1413
1300 1414
1301 887
1301 1711
1302 437
1302 684
1302 887
1302 1808
1302 2524
1303 887
1304 353
1304 446
1304 1305
1305 1304
1306 128
1307 63
1307 402
1307 575
1307 980
1307 1085
1307 1950
1307 1951
1308 67
1308 575
1308 1160
1308 2257
1309 441
1309 929
1309 2531
1310 233
1310 787
1310 1672
1310 2055
1311 233
1312 1313
1313 1312
1313 2225
1314 1200
1315 15
1315 16
1316 1317
1317 1316
1317 2585
1318 6
1319 1320
1320 1319
1321 615
1321 719
1322 1323
1322 1324
1323 1247
1323 1322
1323 1803
1323 2168
1323 2661
1324 203
1324 215
1324 1322
1325 105
1325 827
1325 986
1326 1240
1327 1240
1328 630
1328 1157
1328 1187
1328 1329
1328 1330
1328 1331
1328 1332
1329 630
1329 1328
1329 1675
1329 1676
1330 367
1330 1328
1330 1675
1330 1676
1330 1892
1331 619
1331 1296
1331 1328
1331 1348
1331 1569
1331 1619
1331 1675
1331 1676
1331 1690
1331 2349
1332 464
1332 1328
1332 1337
1332 1675
1332 2807
1333 1334
1334 625
1334 790
1334 1333
1334 1442
1334 1898
1334 2011
1334 2149
1334 2302
1334 2567
1335 1336
1336 1335
1336 2589
1336 2699
1337 1332
1337 1338
1338 1337
1339 1340
1340 475
1340 1339
1340 2241
1341 193
1341 442
1342 442
1342 1114
1342 1982
1343 442
1344 442
1345 442
1345 1224
1346 442
1346 1114
1346 1270
1347 442
1348 67
1348 348
1348 442
1348 1331
1348 2019
1349 142
1349 1350
1350 48
1350 989
1350 1349
1350 1918
1350 2332
1350 2488
1350 2489
1350 2490
1351 1266
1351 1352
1352 665
1352 1351
1352 1994
1352 1995
1353 274
1354 691
1354 741
1355 1356
1355 1357
1355 1358
1355 1359
1355 1360
1355 1361
1355 1362
1355 1363
1355 1364
1356 273
1356 529
1356 1355
1357 1163
1357 1355
1358 1355
1358 1529
1359 1355
1359 1529
1360 1355
1360 1543
1360 2563
1361 1355
1362 620
1362 1355
1363 1355
1363 1543
1363 2563
1364 1355
1365 1366
1366 1365
1367 953
1367 1368
1368 1367
1368 1369
1369 567
1369 1368
1370 358
1371 1372
1371 1373
1372 1371
1373 1371
1373 2195
1374 1375
1375 1374
1376 943
1376 1280
1376 1816
1377 353
1377 943
1377 1936
1378 67
1379 1380
1379 1381
1380 475
1380 1379
1380 2660
1381 345
1381 363
1381 1379
1382 1029
1383 1384
1383 1385
1384 1383
1384 1571
1385 1383
1385 2504
1385 2585
1385 2648
1386 1292
1387 1388
1387 1389
1388 478
1388 479
1388 480
1388 481
1388 1387
1388 1595
1388 1902
1389 1387
1389 2634
1389 2933
1389 2934
1390 76
1390 520
1391 453
1391 1392
1392 94
1392 373
1392 981
1392 1391
1392 1749
1392 1911
1392 2468
1392 2469
1393 1394
1393 1395
1393 1396
1394 1156
1394 1393
1394 1603
1395 1156
1395 1393
1395 1603
1396 1393
1396 2185
1396 2257
1396 2803
1396 2901
1397 290
1397 291
1398 290
1398 291
1398 2194
1399 290
1399 291
1399 392
1399 1566
1400 290
1400 291
1400 659
1400 1732
1400 2248
1400 2250
1400 2252
1400 2253
1401 1273
1402 754
1402 755
1402 756
1402 757
1402 759
1403 86
1403 754
1403 755
1403 756
1403 757
1403 759
1403 2617
1404 747
1405 210
1406 1407
1407 1406
1408 1292
1408 1409
1409 1408
1410 348
1410 1300
1411 127
1411 1300
1412 1125
1412 1300
1412 2493
1412 2538
1413 409
1413 412
1413 1300
1413 1560
1413 2113
1414 372
1414 842
1414 1300
1415 1133
1415 1266
1415 1416
1415 1417
1415 1418
1416 578
1416 824
1416 1142
1416 1415
1416 1594
1416 1845
1416 2028
1417 516
1417 1415
1418 341
1418 1006
1418 1415
1418 1602
1418 1745
1418 1746
1418 1747
1418 1865
1418 1926
1418 2685
1419 1420
1419 1421
1420 1419
1421 702
1421 703
1421 845
1421 846
1421 847
1421 848
1421 849
1421 850
1421 851
1421 852
1421 853
1421 854
1421 855
1421 856
1421 857
1421 1419
1421 1556
1421 1557
1421 1559
1421 2057
1421 2398
1421 2873
1421 2874
1421 2875
1422 8
1422 9
1422 10
1423 8
1423 9
1423 10
1424 8
1424 9
1424 10
1425 8
1425 9
1425 10
1426 8
1426 9
1426 10
1427 8
1427 9
1427 10
1428 8
1428 9
1428 10
1429 8
1429 9
1429 10
1430 8
1430 9
1430 10
1431 8
1431 9
1431 10
1432 8
1432 9
1432 10
1433 8
1433 9
1433 10
1434 874
1434 875
1435 690
1435 1256
1435 1436
1436 22
1436 273
1436 287
1436 1435
1436 1725
1436 2525
1437 1071
1437 1072
1437 1235
1438 553
1438 605
1438 978
1439 996
1440 534
1440 1441
1441 400
1441 401
1441 596
1441 690
1441 1440
1441 1797
1442 1135
1442 1334
1443 939
1443 1444
1444 1443
1444 1451
1444 1731
1444 2896
1445 534
1445 535
1446 534
1447 534
1447 2151
1447 2730
1448 534
1448 562
1449 431
1450 1164
1450 1451
1451 140
1451 1444
1451 1450
1451 1452
1451 1661
1451 1758
1451 1762
1451 1763
1451 1764
1451 1765
1451 1766
1451 1767
1451 1768
1451 1769
1451 1770
1451 1771
1451 1772
1451 1773
1452 1164
1452 1451
1453 317
1453 584
1453 1454
1453 1455
1454 544
1454 670
1454 1453
1454 1705
1455 221
1455 1453
1455 2282
1456 1162
1456 1163
1457 469
1457 1088
1457 1258
1457 1458
1458 304
1458 469
1458 749
1458 1457
1458 1787
1458 1788
1459 517
1459 1254
1459 1460
1460 1459
1460 2568
1460 2812
1461 827
1461 1668
1462 827
1462 1109
1462 1705
1462 1817
1462 2044
1462 2045
1463 544
1463 827
1463 1658
1463 2073
1463 2074
1464 409
1464 412
1465 409
1465 412
1466 409
1466 412
1466 1056
1466 1057
1467 72
1467 1001
1467 1567
1467 1568
1467 1569
1468 72
1468 1001
1468 1567
1468 1568
1468 1569
1469 1001
1469 1654
1470 1001
1471 1001
1472 469
1472 846
1472 847
1472 849
1472 850
1472 851
1472 854
1472 856
1472 857
1472 1001
1472 1901
1473 128
1473 1001
1474 274
1474 1475
1474 1476
1475 320
1475 1185
1475 1474
1475 1825
1475 2409
1475 2564
1476 1474
1476 2141
1476 2820
1476 2967
1477 93
1477 94
1477 95
1478 346
1479 344
1479 345
1479 346
1480 344
1480 345
1480 346
1481 1482
1481 1483
1481 1484
1482 1481
1483 1481
1483 2964
1484 1481
1485 1486
1485 1487
1486 817
1486 1485
1486 1658
1486 1943
1486 2046
1486 2047
1487 1242
1487 1485
1487 2255
1487 2256
1488 158
1488 159
1488 160
1489 158
1489 159
1489 160
1490 158
1490 159
1490 160
1491 158
1491 159
1491 160
1492 158
1492 159
1492 160
1493 500
1494 1495
1495 644
1495 1081
1495 1494
1495 2557
1495 2558
1496 1497
1497 261
1497 601
1497 1185
1497 1496
1498 1499
1499 429
1499 1498
1499 2163
1499 2246
1500 551
1500 552
1500 553
1501 913
1502 1503
1502 1504
1502 1505
1503 1502
1503 1680
1504 1502
1504 1680
1505 418
1505 1267
1505 1502
1505 1670
1505 1671
1505 1680
1505 1806
1505 2507
1506 429
1506 453
1506 587
1506 1752
1506 1753
1507 82
1507 453
1507 620
1507 1746
1507 1859
1507 2125
1508 82
1508 453
1508 620
1508 1746
1508 1859
1508 2125
1509 82
1509 453
1509 620
1509 1746
1509 1859
1509 2125
1510 82
1510 453
1510 620
1510 1746
1510 1859
1510 2125
1511 1512
1511 1513
1512 52
1512 98
1512 618
1512 620
1512 1511
1512 2663
1512 2664
1512 2665
1513 1511
1513 2664
1514 995
1514 1515
1514 1516
1515 1514
1516 1514
1516 1969
1516 1973
1516 2102
1516 2605
1517 1518
1518 597
1518 603
1518 1517
1518 1752
1518 2062
1518 2769
1519 1295
1519 1520
1520 484
1520 1519
1521 315
1522 1063
1522 1523
1522 1524
1523 1522
1524 1522
1525 284
1525 815
1526 1527
1526 1528
1526 1529
1527 740
1527 1526
1527 1561
1527 1562
1528 576
1528 1526
1528 1643
1528 1644
1529 35
1529 1358
1529 1359
1529 1526
1529 1857
1529 2119
1529 2362
1529 2718
1530 26
1530 1531
1531 448
1531 1530
1531 1934
1531 2063
1531 2686
1532 127
1533 102
1534 1535
1534 1536
1534 1537
1535 1534
1535 2521
1535 2522
1535 2523
1536 1534
1536 1799
1536 1816
1537 141
1537 1534
1537 2822
1537 2887
1538 46
1538 1244
1539 957
1540 346
1540 957
1541 67
1541 222
1541 712
1541 957
1542 273
1542 518
1542 957
1543 957
1543 994
1543 1360
1543 1363
1544 957
1545 1132
1546 552
1546 1547
1546 1548
1547 562
1547 1546
1547 1800
1548 768
1548 1234
1548 1546
1548 1621
1548 2296
1549 447
1549 1550
1550 1549
1551 862
1552 317
1553 1554
1554 552
1554 1553
1554 1933
1554 2709
1554 2710
1554 2711
1554 2712
1554 2713
1554 2714
1555 1556
1555 1557
1555 1558
1555 1559
1555 1560
1556 372
1556 1421
1556 1555
1556 1647
1556 1913
1556 1914
1557 372
1557 1421
1557 1555
1557 1647
1557 1913
1557 1914
1558 668
1558 1555
1558 2464
1559 372
1559 1421
1559 1555
1559 1647
1559 1913
1559 1914
1560 532
1560 1413
1560 1555
1560 2114
1561 1527
1562 926
1562 1527
1562 1926
1562 1997
1562 2007
1563 70
1564 173
1564 1565
1565 1564
1565 1580
1566 398
1566 399
1566 1399
1567 1467
1567 1468
1568 1467
1568 1468
1569 429
1569 1331
1569 1467
1569 1468
1569 2857
1569 2929
1569 2940
1570 1162
1570 1296
1571 1296
1571 1384
1571 1833
1571 1862
1571 1864
1571 1986
1571 2245
1571 2681
1571 2682
1572 429
1572 431
1573 429
1574 181
1575 69
1575 88
1575 1006
1575 1745
1575 1747
1575 1783
1575 1784
1576 88
1576 1963
1576 2402
1577 88
1577 907
1578 929
1578 930
1579 193
1579 562
1579 1156
1579 1580
1579 1581
1579 1582
1580 1565
1580 1579
1581 1579
1581 1920
1582 159
1582 1579
1583 398
1583 399
1584 648
1584 700
1585 615
1585 719
1586 1186
1586 1212
1586 1267
1586 1587
1586 1588
1586 1589
1587 576
1587 1586
1588 1586
1589 1586
1590 251
1590 829
1590 1802
1591 251
1591 977
1591 979
1591 2028
1592 1274
1592 1275
1592 1276
1592 1277
1592 1282
1592 1729
1593 1275
1593 1276
1593 1277
1593 1282
1594 1416
1595 1388
1595 1596
1596 348
1596 1595
1596 1725
1596 2506
1597 1294
1598 266
1599 1600
1599 1601
1600 335
1600 668
1600 1599
1600 2500
1600 2589
1601 1599
1601 2377
1602 478
1602 479
1602 480
1602 481
1602 1418
1603 1394
1603 1395
1604 647
1604 649
1604 882
1604 1605
1605 1604
1606 1006
1607 1006
1607 1007
1607 1008
1608 1006
1609 1006
1610 57
1610 59
1611 89
1612 26
1612 316
1612 695
1612 1075
1612 1641
1613 1075
1614 1615
1614 1616
1615 644
1615 1614
1615 1618
1615 2518
1616 1144
1616 1246
1616 1614
1616 1806
1616 2306
1617 1618
1618 1244
1618 1615
1618 1617
1619 22
1619 1331
1620 225
1620 562
1621 225
1621 768
1621 1548
1621 2296
1622 225
1622 1180
1623 1624
1624 1059
1624 1060
1624 1061
1624 1623
1624 1840
1625 310
1625 1010
1625 2272
1626 1010
1626 1732
1626 2248
1626 2250
1626 2252
1626 2253
1626 2326
1626 2344
1626 2618
1627 1010
1628 1010
1629 266
1630 1160
1631 1632
1632 911
1632 1631
1632 2309
1632 2613
1633 353
1634 953
1634 1635
1634 1636
1635 260
1635 670
1635 1634
1635 1645
1636 1079
1636 1080
1636 1634
1636 1645
1637 775
1638 700
1638 819
1638 1127
1638 1697
1638 1777
1638 2570
1639 615
1639 719
1640 266
1641 1612
1641 2050
1641 2751
1642 167
1642 168
1642 275
1643 76
1643 1528
1643 2086
1644 1528
1644 1684
1644 2870
1645 953
1645 1635
1645 1636
1646 941
1646 2620
1647 941
1647 1556
1647 1557
1647 1559
1648 690
1648 941
1649 22
1649 941
1650 1651
1650 1652
1650 1653
1651 1650
1652 1650
1652 1838
1653 1211
1653 1650
1653 1665
1653 1813
1653 2814
1653 2932
1654 1469
1654 1702
1655 54
1655 55
1656 57
1656 58
1656 59
1657 762
1657 1658
1657 1659
1657 1660
1658 1463
1658 1486
1658 1657
1659 1657
1660 346
1660 1657
1661 1451
1662 110
1663 380
1663 860
1663 1210
1663 1664
1663 1665
1663 1666
1663 1667
1664 379
1664 510
1664 1663
1664 1667
1664 1845
1664 1943
1665 1653
1665 1663
1665 1845
1665 1851
1665 2305
1666 184
1666 1663
1666 2347
1666 2502
1667 1663
1667 1664
1667 1845
1667 2756
1668 1461
1669 1670
1669 1671
1670 1505
1670 1669
1670 1795
1670 1981
1670 2239
1670 2240
1671 1505
1671 1669
1671 1795
1671 1981
1671 2239
1671 2240
1672 490
1672 995
1672 1310
1673 1085
1674 529
1675 630
1675 1157
1675 1187
1675 1329
1675 1330
1675 1331
1675 1332
1676 630
1676 1157
1676 1187
1676 1329
1676 1330
1676 1331
1677 304
1677 1678
1677 1679
1678 1677
1678 1679
1678 2202
1678 2203
1679 697
1679 1677
1679 1678
1679 2125
1679 2203
1680 70
1680 958
1680 1503
1680 1504
1680 1505
1680 1681
1681 73
1681 1680
1681 1788
1681 2540
1681 2541
1682 1200
1682 1683
1682 2219
1683 493
1683 1200
1683 1682
1683 2219
1683 2609
1684 1200
1684 1644
1684 2854
1685 191
1685 706
1685 1686
1685 1687
1686 1685
1686 1975
1686 2534
1687 191
1687 813
1687 1685
1688 700
1689 1112
1689 1690
1689 1691
1689 1692
1690 22
1690 110
1690 915
1690 1331
1690 1689
1690 2086
1691 1689
1692 1689
1692 2118
1693 751
1693 1694
1694 1693
1694 2183
1695 1696
1696 26
1696 1695
1696 1858
1697 1638
1697 1698
1698 1697
1698 1777
1699 319
1699 1700
1700 913
1700 1699
1700 2410
1700 2411
1701 6
1702 35
1702 351
1702 724
1702 1654
1702 2465
1702 2740
1702 2764
1702 2879
1703 1704
1704 758
1704 1703
1704 1853
1704 1854
1705 1454
1705 1462
1706 6
1706 1096
1706 1934
1706 1935
1707 6
1708 6
1709 6
1710 6
1711 6
1711 191
1711 1124
1711 1301
1711 2610
1711 2720
1711 2968
1712 6
1713 706
1713 1714
1713 1715
1714 348
1714 1713
1715 348
1715 1713
1716 578
1717 747
1717 1718
1717 1719
1717 1720
1717 1721
1717 1722
1718 1717
1719 1717
1719 2057
1719 2148
1719 2149
1720 1717
1721 1717
1722 1717
1723 1724
1723 1725
1724 334
1724 1723
1724 1783
1725 1436
1725 1596
1725 1723
1725 2537
1725 2669
1726 160
1726 1727
1727 685
1727 1726
1727 2048
1727 2802
1727 2803
1728 76
1729 1171
1729 1257
1729 1592
1730 736
1731 939
1731 1444
1732 576
1732 883
1732 1400
1732 1626
1732 2249
1733 576
1734 576
1735 239
1736 239
1737 159
1737 776
1738 620
1738 1739
1738 1740
1738 1741
1739 13
1739 846
1739 847
1739 849
1739 850
1739 851
1739 854
1739 856
1739 857
1739 1738
1739 1993
1739 2311
1739 2337
1740 1738
1740 1834
1741 357
1741 1738
1741 2299
1742 525
1742 781
1742 1743
1742 2549
1742 2550
1742 2551
1742 2552
1742 2553
1743 525
1743 781
1743 1742
1743 2549
1743 2550
1743 2551
1743 2552
1743 2553
1744 69
1744 314
1744 316
1744 601
1744 1942
1744 2494
1744 2876
1744 2877
1744 2878
1745 69
1745 907
1745 1418
1745 1575
1745 2493
1746 69
1746 697
1746 1133
1746 1418
1746 1507
1746 1508
1746 1509
1746 1510
1746 2477
1747 69
1747 907
1747 1418
1747 1575
1748 1158
1748 1749
1748 1750
1749 1392
1749 1748
1749 2410
1750 821
1750 822
1750 1748
1750 2752
1751 228
1752 1506
1752 1518
1752 2571
1752 2572
1753 46
1753 423
1753 763
1753 1506
1753 2788
1754 860
1755 580
1756 1757
1757 1756
1757 1854
1757 2078
1758 1451
1759 1162
1759 1163
1760 1162
1760 1163
1761 1162
1761 1163
1762 1451
1762 1929
1763 1451
1764 1451
1765 1451
1766 102
1766 1451
1766 2114
1767 293
1767 465
1767 1451
1767 2352
1768 1451
1768 2114
1769 102
1769 1451
1769 2114
1770 293
1770 465
1770 1451
1771 1451
1771 2885
1772 1451
1773 1451
1773 2114
1774 472
1774 1195
1774 1196
1775 1034
1775 1776
1776 706
1776 1775
1776 1994
1776 2970
1777 1638
1777 1698
1778 980
1778 1182
1779 735
1780 735
1780 2382
1781 130
1782 173
1783 1575
1783 1724
1784 618
1784 1133
1784 1575
1785 1786
1786 348
1786 846
1786 847
1786 849
1786 850
1786 851
1786 854
1786 856
1786 857
1786 1785
1786 2254
1786 2503
1786 2683
1786 2693
1786 2905
1786 2906
1786 2907
1786 2908
1787 1458
1788 958
1788 1458
1788 1681
1789 691
1790 472
1790 1791
1790 1792
1790 1793
1790 1794
1791 183
1791 185
1791 186
1791 484
1791 1790
1791 2235
1791 2236
1791 2237
1791 2238
1792 1790
1793 769
1793 1790
1794 1790
1794 1800
1794 2614
1795 1670
1795 1671
1795 1796
1796 1795
1796 2027
1796 2195
1796 2658
1796 2851
1796 2905
1796 2914
1796 2975
1796 2978
1797 1441
1798 210
1799 944
1799 1536
1800 1547
1800 1794
1800 1848
1800 2707
1801 484
1802 1590
1803 1323
1804 310
1805 1806
1806 1505
1806 1616
1806 1805
1806 1861
1807 520
1807 1808
1808 472
1808 1302
1808 1807
1809 57
1809 59
1809 349
1810 72
1811 1812
1812 666
1812 1811
1812 2083
1813 207
1813 1653
1813 1814
1813 1815
1814 1813
1814 2104
1815 1813
1815 2104
1816 1376
1816 1536
1816 2062
1817 1462
1818 568
1819 568
1819 2197
1820 587
1820 1821
1821 1820
1821 2400
1821 2401
1822 319
1823 319
1824 319
1825 319
1825 1475
1825 2234
1826 319
1827 319
1827 2234
1828 319
1829 319
1830 319
1830 875
1830 2269
1831 319
1832 319
1832 875
1833 1571
1833 1834
1833 1835
1834 1740
1834 1833
1834 1862
1834 1864
1834 2245
1834 2681
1834 2682
1834 2763
1834 2764
1835 1833
1835 1862
1835 1864
1835 2245
1835 2681
1835 2682
1836 345
1836 363
1836 1254
1837 1838
1837 1839
1838 1652
1838 1837
1838 1968
1838 2182
1838 2716
1838 2795
1838 2915
1839 1837
1839 2141
1839 2472
1839 2853
1840 206
1840 1624
1841 1842
1842 1841
1843 1214
1843 1960
1843 2269
1844 1845
1845 1416
1845 1664
1845 1665
1845 1667
1845 1844
1846 595
1846 1847
1847 846
1847 847
1847 849
1847 850
1847 851
1847 852
1847 853
1847 854
1847 855
1847 856
1847 857
1847 1846
1847 2487
1848 1800
1849 310
1849 404
1849 2139
1850 404
1851 404
1851 1665
1852 813
1853 353
1853 1704
1854 1704
1854 1757
1854 2104
1855 562
1856 165
1857 1529
1857 1858
1857 1859
1858 1278
1858 1696
1858 1857
1858 1965
1858 2326
1858 2362
1859 1507
1859 1508
1859 1509
1859 1510
1859 1857
1859 2362
1860 469
1860 978
1861 758
1861 1806
1861 2982
1862 1571
1862 1834
1862 1835
1863 690
1863 1085
1864 1571
1864 1834
1864 1835
1865 1418
1866 1867
1867 1866
1868 615
1868 719
1869 615
1869 719
1870 693
1871 711
1871 2676
1872 54
1872 55
1873 54
1873 55
1874 54
1874 55
1875 54
1875 55
1876 54
1876 55
1877 54
1877 55
1878 54
1878 55
1879 54
1879 55
1880 54
1880 2562
1881 54
1881 55
1882 54
1882 55
1883 54
1883 55
1884 54
1884 55
1885 54
1885 55
1886 54
1886 55
1887 54
1887 55
1888 426
1889 688
1889 1890
1890 1889
1890 1919
1890 2273
1890 2465
1891 425
1892 1330
1893 980
1893 1894
1894 322
1894 438
1894 1893
1895 845
1895 846
1895 847
1895 848
1895 849
1895 850
1895 851
1895 852
1895 853
1895 854
1895 855
1895 856
1895 857
1896 517
1896 845
1896 846
1896 847
1896 848
1896 849
1896 850
1896 851
1896 852
1896 853
1896 854
1896 855
1896 856
1896 857
1897 346
1898 1334
1899 275
1899 560
1899 1900
1900 629
1900 1899
1901 308
1901 309
1901 1472
1902 1388
1903 1037
1903 1978
1904 302
1904 874
1904 1905
1904 1906
1905 308
1905 309
1905 1904
1905 2110
1906 1904
1907 57
1907 58
1907 59
1908 353
1909 57
1909 58
1909 59
1910 110
1910 1911
1911 1392
1911 1910
1912 1913
1912 1914
1913 471
1913 829
1913 1034
1913 1556
1913 1557
1913 1559
1913 1912
1913 2772
1913 2773
1914 471
1914 829
1914 1034
1914 1556
1914 1557
1914 1559
1914 1912
1914 2772
1914 2773
1915 127
1915 203
1915 832
1915 833
1915 834
1915 835
1915 836
1916 700
1916 832
1916 833
1916 834
1916 835
1916 836
1917 22
1918 1350
1919 1890
1920 1581
1921 1922
1921 1923
1922 1921
1923 1921
1924 1925
1925 1924
1925 2313
1925 2460
1925 2927
1925 2960
1926 101
1926 1418
1926 1562
1926 1995
1927 1164
1927 1928
1928 1927
1929 1762
1930 996
1931 350
1932 57
1932 58
1932 59
1933 24
1933 1285
1933 1554
1934 1531
1934 1706
1935 1706
1935 2151
1935 2801
1936 28
1936 29
1936 1011
1936 1377
1936 1995
1936 2772
1937 102
1937 552
1937 562
1937 829
1938 102
1938 552
1938 562
1938 829
1939 102
1940 102
1940 552
1940 562
1940 829
1941 102
1942 1744
1943 274
1943 1486
1943 1664
1943 1980
1944 67
1944 485
1945 67
1945 2841
1946 67
1946 1262
1946 2230
1947 67
1948 67
1948 1066
1949 728
1949 729
1950 659
1950 728
1950 729
1950 1307
1951 76
1951 728
1951 729
1951 1307
1951 2616
1952 346
1953 1954
1953 1955
1953 1956
1953 1957
1953 1958
1954 1048
1954 1049
1954 1953
1955 1049
1955 1953
1956 1048
1956 1049
1956 1953
1956 2091
1957 1049
1957 1953
1958 1049
1958 1953
1959 1960
1960 1180
1960 1843
1960 1959
1961 1962
1962 1961
1962 2040
1962 2068
1962 2364
1963 254
1963 1576
1964 1965
1964 1966
1965 1858
1965 1964
1966 914
1966 1964
1966 2806
1967 433
1968 433
1968 1838
1968 2084
1969 433
1969 1516
1969 2703
1970 697
1971 1230
1972 829
1973 1516
1974 595
1975 595
1975 597
1975 603
1975 1686
1976 595
1976 1030
1977 595
1978 485
1978 615
1978 862
1978 1903
1979 670
1979 862
1979 2980
1980 1943
1981 552
1981 1023
1981 1670
1981 1671
1982 1342
1983 644
1983 1984
1984 1983
1985 596
1985 2477
1986 1571
1986 1987
1987 1986
1988 529
1989 1240
1989 1990
1990 1989
1991 1992
1992 1991
1993 1739
1994 1352
1994 1776
1995 1352
1995 1926
1995 1936
1995 2180
1995 2181
1996 488
1997 1112
1997 1157
1997 1562
1997 1998
1997 1999
1998 258
1998 1997
1999 769
1999 1997
1999 2162
2000 1198
2000 2221
2000 2222
2000 2223
2000 2224
2001 1194
2002 367
2003 437
2003 438
2004 353
2004 2005
2005 2004
2005 2084
2006 110
2007 110
2007 1562
2007 2082
2008 110
2009 110
2010 110
2011 110
2011 1334
2012 168
2012 1063
2013 1063
2013 1064
2014 78
2014 79
2015 158
2015 159
2015 160
2016 158
2016 159
2016 160
2017 158
2017 159
2017 160
2018 158
2018 159
2018 160
2019 158
2019 1348
2020 158
2020 159
2020 160
2021 158
2021 159
2021 160
2022 158
2022 159
2022 160
2023 158
2023 159
2023 160
2024 158
2024 159
2024 160
2025 767
2026 767
2027 767
2027 1796
2028 357
2028 544
2028 1416
2028 1591
2028 2029
2029 2028
2030 2031
2031 2030
2032 1163
2033 1163
2034 1163
2035 1163
2036 1163
2037 1163
2038 1163
2039 1163
2040 520
2040 1962
2041 173
2042 829
2042 2043
2043 821
2043 2042
2043 2536
2044 1462
2045 193
2045 1462
2045 2783
2046 1486
2047 1486
2048 846
2048 847
2048 849
2048 850
2048 851
2048 852
2048 853
2048 854
2048 855
2048 856
2048 857
2048 1727
2049 552
2050 1641
2051 2052
2052 2051
2053 918
2053 921
2053 923
2053 999
2053 2750
2054 392
2055 1310
2056 1226
2057 357
2057 560
2057 829
2057 1421
2057 1719
2058 353
2059 89
2060 1235
2060 2061
2061 2060
2062 335
2062 494
2062 556
2062 1518
2062 1816
2062 2063
2063 888
2063 1531
2063 2062
2063 2199
2063 2200
2064 198
2064 200
2064 552
2065 57
2065 58
2065 59
2066 86
2066 2067
2067 829
2067 2066
2068 1962
2069 2070
2070 528
2070 2069
2071 167
2071 168
2072 167
2072 168
2073 1463
2074 1463
2075 2076
2076 2075
2076 2305
2077 178
2077 380
2077 1176
2077 2822
2078 273
2078 1757
2079 2080
2079 2081
2080 2079
2080 2611
2081 191
2081 2079
2081 2461
2081 2611
2081 2987
2082 2007
2083 1812
2084 1968
2084 2005
2084 2085
2085 2084
2086 963
2086 1643
2086 1690
2086 2198
2086 2313
2086 2314
2087 933
2088 136
2089 136
2089 426
2090 913
2090 914
2090 915
2090 916
2091 1956
2091 2092
2091 2093
2091 2094
2092 1048
2092 1049
2092 2091
2093 1048
2093 1049
2093 2091
2094 1048
2094 1049
2094 2091
2095 552
2096 569
2097 26
2097 1246
2097 2464
2098 597
2098 603
2099 597
2099 603
2100 706
2101 324
2101 325
2101 326
2101 2356
2102 1516
2103 635
2104 1155
2104 1814
2104 1815
2104 1854
2105 2106
2105 2107
2106 1255
2106 2105
2106 2274
2106 2358
2106 2624
2106 2676
2106 2818
2107 1255
2107 2105
2107 2274
2107 2358
2107 2624
2107 2676
2107 2818
2108 582
2109 552
2110 19
2110 707
2110 1138
2110 1905
2110 2175
2111 1
2111 2112
2112 2111
2113 1413
2113 2114
2114 1283
2114 1560
2114 1766
2114 1768
2114 1769
2114 1773
2114 2113
2114 2617
2115 2116
2116 1219
2116 2115
2116 2910
2117 2118
2118 1692
2118 2117
2119 70
2119 551
2119 907
2119 1529
2120 70
2121 549
2122 1132
2123 317
2124 2125
2125 1507
2125 1508
2125 1509
2125 1510
2125 1679
2125 2124
2125 2203
2126 2127
2127 392
2127 2126
2128 995
2128 996
2129 995
2129 996
2130 995
2130 996
2131 1029
2132 1029
2133 1029
2134 553
2135 2136
2136 2135
2137 690
2138 277
2139 1849
2139 2201
2139 2524
2140 349
2141 556
2141 988
2141 1476
2141 1839
2142 236
2142 298
2142 623
2142 1030
2142 2383
2142 2384
2143 2144
2143 2145
2144 2143
2144 2349
2144 2750
2145 2143
2146 2147
2147 2146
2148 1719
2149 1334
2149 1719
2149 2774
2150 293
2150 2352
2151 293
2151 1447
2151 1935
2151 2246
2151 2352
2152 386
2152 2153
2153 2152
2153 2203
2154 1175
2155 273
2155 2156
2156 872
2156 2155
2157 19
2157 2158
2158 2157
2159 1158
2160 2161
2161 2160
2161 2737
2161 2738
2162 1999
2163 1218
2163 1499
2164 2165
2165 89
2165 2164
2166 929
2167 2168
2168 1323
2168 2167
2169 1043
2170 552
2171 15
2171 2172
2171 2173
2172 2171
2173 1124
2173 2171
2173 2858
2174 277
2175 2110
2176 950
2177 1043
2178 1043
2179 1043
2180 1167
2180 1995
2180 2389
2180 2414
2181 1167
2181 1995
2181 2389
2181 2414
2182 1838
2183 751
2183 1694
2184 55
2185 1396
2186 2187
2187 3
2187 2186
2188 552
2189 552
2190 1218
2191 310
2191 1218
2192 1218
2193 2194
2194 1398
2194 2193
2194 2973
2195 1373
2195 1796
2196 2197
2196 2198
2197 1819
2197 2196
2197 2227
2197 2361
2198 2086
2198 2196
2199 498
2199 2063
2199 2641
2199 2686
2199 2837
2199 2868
2200 498
2200 2063
2200 2641
2200 2686
2200 2837
2200 2868
2201 2139
2202 1678
2203 829
2203 1256
2203 1678
2203 1679
2203 2125
2203 2153
2204 582
2205 877
2206 349
2206 1071
2206 1072
2206 1258
2207 1071
2207 1072
2208 1252
2209 1252
2210 82
2211 1048
2211 1049
2212 368
2212 369
2212 370
2213 693
2214 693
2214 2305
2215 315
2215 693
2216 693
2217 528
2217 2562
2218 1011
2219 1682
2219 1683
2220 551
2220 1066
2221 551
2221 2000
2222 551
2222 2000
2223 551
2223 2000
2224 551
2224 2000
2225 1313
2226 690
2227 475
2227 644
2227 2197
2228 586
2229 55
2230 532
2230 1946
2230 2231
2230 2232
2230 2233
2231 2230
2231 2459
2232 448
2232 2230
2233 2230
2234 1825
2234 1827
2234 2388
2235 1791
2236 1791
2236 2752
2237 1791
2238 1791
2239 1670
2239 1671
2240 1670
2240 1671
2241 488
2241 555
2241 1340
2241 2242
2241 2243
2242 2241
2243 274
2243 2241
2244 690
2245 1571
2245 1834
2245 1835
2246 1499
2246 2151
2247 582
2248 883
2248 1400
2248 1626
2248 2249
2249 1732
2249 2248
2249 2250
2249 2251
2249 2252
2249 2253
2250 883
2250 1400
2250 1626
2250 2249
2251 2249
2252 883
2252 1400
2252 1626
2252 2249
2253 883
2253 1400
2253 1626
2253 2249
2254 875
2254 1786
2255 721
2255 1487
2256 1487
2257 1308
2257 1396
2258 271
2259 395
2259 2528
2260 395
2261 2262
2262 207
2262 2261
2263 866
2264 322
2264 866
2264 867
2265 866
2266 353
2267 193
2268 393
2268 1164
2268 1224
2269 127
2269 1830
2269 1843
2270 317
2271 1262
2272 637
2272 1147
2272 1625
2273 637
2273 1226
2273 1890
2274 2106
2274 2107
2275 1254
2276 552
2277 2278
2278 2277
2278 2656
2279 57
2279 58
2279 59
2280 2281
2281 74
2281 933
2281 2280
2282 438
2282 1455
2283 348
2284 348
2285 348
2286 348
2287 1105
2288 322
2289 314
2289 316
2289 2606
2289 2674
2289 2823
2290 2291
2291 2290
2292 1147
2293 1147
2294 52
2295 1096
2296 768
2296 1548
2296 1621
2297 475
2297 2298
2298 2297
2298 2695
2298 2884
2299 1741
2300 273
2300 690
2301 926
2302 1334
2303 2304
2304 647
2304 649
2304 977
2304 979
2304 2303
2305 648
2305 1665
2305 2076
2305 2214
2305 2306
2306 221
2306 1244
2306 1616
2306 2305
2306 2723
2307 640
2307 958
2307 1283
2308 700
2308 2309
2308 2310
2309 598
2309 929
2309 1205
2309 1632
2309 2308
2309 2473
2309 2847
2309 2848
2310 2308
2311 1739
2312 189
2313 1925
2313 2086
2314 128
2314 349
2314 2086
2315 517
2315 1292
2315 2638
2316 517
2317 1125
2317 1292
2318 1114
2319 634
2319 1262
2320 475
2320 688
2320 2321
2321 2320
2322 2323
2323 679
2323 2322
2323 2601
2323 2602
2323 2603
2324 889
2325 889
2326 1626
2326 1858
2326 2327
2326 2328
2327 2326
2328 2326
2329 526
2329 1081
2329 1133
2330 435
2331 2332
2332 1350
2332 2331
2332 2455
2333 1292
2334 958
2334 2335
2335 939
2335 2334
2336 72
2336 535
2336 2427
2336 2428
2337 1739
2338 582
2339 2340
2340 2339
2340 2466
2341 317
2341 447
2342 1292
2343 478
2343 479
2343 480
2343 481
2343 2344
2344 1626
2344 2343
2345 2346
2346 2345
2346 2364
2347 978
2347 1666
2348 128
2349 1331
2349 2144
2349 2364
2350 2351
2351 638
2351 2350
2352 1169
2352 1767
2352 2150
2352 2151
2353 483
2353 487
2354 128
2355 90
2356 930
2356 2101
2356 2357
2356 2358
2357 2356
2358 743
2358 2106
2358 2107
2358 2356
2359 2360
2360 2359
2361 644
2361 2197
2362 1529
2362 1858
2362 1859
2363 743
2364 1962
2364 2346
2364 2349
2365 552
2365 1258
2366 552
2366 2418
2366 2419
2366 2631
2367 552
2368 552
2368 562
2368 829
2369 552
2370 552
2371 552
2371 2535
2371 2585
2371 2913
2372 552
2373 552
2374 310
2374 552
2375 552
2376 552
2376 2423
2377 638
2377 1601
2378 955
2379 353
2380 130
2381 130
2382 1780
2383 978
2383 2142
2383 2705
2384 2142
2385 2386
2385 2387
2386 2385
2387 2385
2388 2234
2389 1290
2389 2180
2389 2181
2390 824
2391 210
2392 89
2393 89
2394 193
2395 58
2396 57
2396 58
2396 59
2397 86
2398 1421
2398 2399
2399 2398
2400 1821
2401 1821
2402 1576
2402 2403
2403 322
2403 2402
2403 2662
2404 955
2405 955
2406 955
2407 955
2407 2626
2407 2799
2408 345
2408 363
2408 1008
2409 345
2409 363
2409 1475
2409 2886
2410 1700
2410 1749
2410 2880
2411 1700
2412 210
2413 582
2414 2180
2414 2181
2415 446
2416 526
2417 615
2417 719
2418 2366
2419 2366
2420 525
2421 520
2422 978
2423 310
2423 2376
2424 2425
2424 2426
2425 2424
2425 2765
2426 2424
2426 2765
2427 1257
2427 1260
2427 2336
2427 2657
2428 507
2428 2336
2429 615
2429 719
2430 615
2430 719
2431 615
2431 719
2432 615
2432 719
2433 615
2433 719
2434 615
2434 719
2435 615
2435 719
2436 615
2436 719
2437 615
2437 719
2438 615
2438 719
2439 1007
2440 346
2441 346
2442 346
2443 346
2444 1262
2445 447
2446 556
2447 2448
2448 2447
2449 400
2449 401
2449 2805
2450 944
2451 944
2452 944
2453 207
2453 944
2454 944
2454 2872
2455 2332
2456 821
2456 822
2457 821
2457 822
2458 1204
2459 2231
2459 2561
2459 2635
2460 1925
2461 2081
2462 510
2463 648
2463 700
2464 1558
2464 2097
2465 1702
2465 1890
2466 2340
2467 615
2468 1392
2469 1392
2470 1007
2471 142
2472 1839
2473 215
2473 2309
2474 215
2474 388
2474 1244
2474 1245
2475 2476
2475 2477
2475 2478
2475 2479
2476 929
2476 2475
2477 618
2477 1192
2477 1746
2477 1985
2477 2475
2478 587
2478 768
2478 1280
2478 2475
2479 2475
2480 529
2481 52
2481 2482
2482 2481
2483 62
2483 178
2483 745
2484 2485
2485 2484
2486 2487
2487 1847
2487 2486
2488 1350
2488 2672
2489 1350
2489 2672
2490 1350
2490 2792
2490 2848
2490 2941
2491 57
2491 58
2491 59
2492 2493
2493 885
2493 1247
2493 1412
2493 1745
2493 2492
2494 1744
2495 475
2495 690
2496 690
2497 520
2497 690
2498 690
2499 2500
2500 1258
2500 1600
2500 2499
2501 222
2501 562
2502 335
2502 560
2502 1666
2502 2899
2503 1786
2504 1257
2504 1385
2504 2505
2505 2504
2506 1596
2507 518
2507 1505
2508 15
2508 16
2509 1034
2510 1034
2511 937
2511 1034
2512 1034
2513 700
2514 648
2514 700
2515 691
2515 700
2516 648
2516 700
2517 648
2517 700
2518 1615
2519 2520
2520 2519
2521 156
2521 1535
2522 1535
2523 446
2523 1535
2524 1302
2524 2139
2525 1436
2525 2654
2526 460
2527 206
2528 9
2528 2259
2528 2667
2528 2804
2529 57
2529 58
2529 59
2530 295
2531 997
2531 1309
2532 478
2532 479
2532 480
2532 481
2532 2533
2533 446
2533 2532
2534 1686
2535 273
2535 2371
2536 688
2536 1224
2536 2043
2537 1725
2538 1412
2539 266
2540 958
2540 1681
2541 958
2541 1681
2542 842
2542 950
2543 2544
2544 2543
2544 2936
2545 189
2546 1105
2547 317
2548 317
2549 1742
2549 1743
2550 1742
2550 1743
2551 1742
2551 1743
2552 1742
2552 1743
2553 1742
2553 1743
2554 1134
2555 512
2556 192
2557 1495
2558 1495
2559 2560
2560 2559
2560 2655
2561 2459
2562 1880
2562 2217
2563 1360
2563 1363
2563 2909
2564 896
2564 1475
2564 2581
2565 896
2566 203
2566 883
2566 896
2566 958
2567 266
2567 1334
2568 1460
2569 210
2570 1638
2571 1048
2571 1049
2571 1752
2572 222
2572 1752
2573 950
2574 950
2575 950
2576 939
2577 843
2578 353
2579 1085
2580 203
2581 2564
2582 180
2582 953
2583 180
2583 953
2584 1192
2585 1317
2585 1385
2585 2371
2586 57
2586 58
2586 59
2587 76
2587 1180
2588 346
2589 273
2589 310
2589 1336
2589 1600
2590 273
2590 1048
2590 1049
2591 273
2592 273
2593 273
2594 273
2595 302
2596 302
2596 2850
2597 302
2598 302
2598 2977
2599 302
2600 486
2600 1132
2601 2323
2602 74
2602 484
2602 2323
2603 2323
2603 2744
2603 2953
2604 553
2605 553
2605 1516
2606 2289
2607 2608
2608 234
2608 421
2608 2607
2608 2829
2609 15
2609 16
2609 1683
2609 2610
2610 1711
2610 2609
2610 2732
2611 2080
2611 2081
2612 2613
2612 2614
2613 1632
2613 2612
2614 1794
2614 2612
2615 274
2616 1951
2616 2770
2617 1403
2617 2114
2618 285
2618 1626
2618 2619
2619 2618
2619 2671
2620 1646
2621 688
2622 15
2622 16
2623 15
2623 16
2624 2106
2624 2107
2625 346
2626 2407
2627 996
2628 471
2629 471
2630 125
2630 274
2631 2366
2632 1185
2633 455
2634 1389
2635 317
2635 2459
2635 2900
2636 555
2637 279
2638 2315
2639 874
2640 874
2640 875
2641 275
2641 2199
2641 2200
2642 1048
2642 1049
2643 181
2644 747
2645 504
2646 57
2646 58
2646 59
2647 57
2647 58
2647 59
2648 1385
2649 357
2650 41
2650 688
2650 2700
2651 41
2652 544
2653 346
2653 544
2654 2525
2655 346
2655 2560
2656 2278
2656 2706
2656 2922
2657 2427
2658 1796
2659 1164
2660 1244
2660 1380
2661 1323
2662 2403
2663 1512
2664 1512
2664 1513
2664 2954
2665 1512
2666 1164
2667 1164
2667 2528
2668 349
2669 1725
2670 210
2671 2619
2672 2488
2672 2489
2672 2892
2673 953
2673 1105
2674 1105
2674 2289
2674 2896
2675 947
2675 1105
2675 1247
2676 688
2676 1871
2676 2106
2676 2107
2677 688
2678 2679
2679 2678
2679 2733
2679 2842
2680 843
2681 1571
2681 1834
2681 1835
2682 1571
2682 1834
2682 1835
2683 1786
2684 904
2685 1418
2686 1531
2686 2199
2686 2200
2687 587
2688 619
2689 749
2690 2691
2691 2690
2692 201
2692 1247
2693 1786
2694 1226
2695 2298
2696 475
2697 2698
2698 2697
2698 2776
2698 2777
2699 1336
2700 22
2700 493
2700 2650
2701 1226
2702 478
2702 479
2702 480
2702 481
2702 2825
2703 478
2703 479
2703 480
2703 481
2703 1969
2704 2705
2705 2383
2705 2704
2706 2656
2707 1800
2708 1085
2709 24
2709 1285
2709 1554
2710 24
2710 1285
2710 1554
2711 24
2711 1285
2711 1554
2712 24
2712 1285
2712 1554
2713 24
2713 1285
2713 1554
2714 24
2714 1285
2714 1554
2715 562
2716 435
2716 1235
2716 1838
2717 435
2718 435
2718 1529
2719 19
2720 1711
2721 749
2722 749
2723 586
2723 2306
2724 582
2725 582
2726 582
2727 582
2728 582
2729 582
2730 1447
2731 763
2732 2610
2733 2679
2734 1205
2735 1224
2736 95
2737 2161
2738 2161
2739 386
2740 180
2740 1702
2741 1234
2742 1234
2743 1234
2744 1234
2744 2603
2745 274
2746 926
2747 475
2748 1245
2749 353
2750 2053
2750 2144
2750 2883
2751 1641
2752 1750
2752 2236
2753 520
2754 520
2755 520
2756 1667
2757 749
2758 749
2759 749
2760 749
2761 749
2762 749
2763 1834
2764 902
2764 1702
2764 1834
2765 2425
2765 2426
2766 241
2767 585
2768 843
2769 1518
2770 2616
2770 2771
2771 2770
2771 2805
2771 2869
2772 1913
2772 1914
2772 1936
2773 1913
2773 1914
2774 2149
2774 2881
2775 353
2775 768
2776 2698
2777 2698
2777 2812
2778 22
2778 76
2779 789
2780 996
2781 996
2782 860
2783 485
2783 1109
2783 1281
2783 2045
2784 438
2785 578
2786 160
2786 472
2786 1224
2786 2787
2787 532
2787 2786
2788 1753
2789 933
2790 691
2790 933
2791 2792
2792 2490
2792 2791
2793 1031
2793 1032
2794 1290
2795 1838
2796 586
2797 392
2798 2799
2799 321
2799 2407
2799 2798
2800 825
2800 1240
2801 1257
2801 1935
2802 1727
2802 2817
2803 1396
2803 1727
2804 2528
2805 697
2805 2449
2805 2771
2806 1966
2807 1332
2808 353
2809 1270
2810 1160
2811 392
2812 1460
2812 2777
2813 535
2814 461
2814 549
2814 1653
2815 1085
2816 560
2817 2802
2818 1265
2818 2106
2818 2107
2819 275
2820 1476
2821 580
2822 1537
2822 2077
2823 2289
2824 1258
2825 2702
2826 438
2827 829
2828 189
2829 2608
2830 1258
2831 1132
2832 156
2833 156
2834 156
2834 222
2835 98
2835 2836
2836 98
2836 2835
2837 2199
2837 2200
2838 57
2838 58
2838 59
2839 446
2840 426
2840 446
2841 1023
2841 1945
2842 2679
2843 57
2843 58
2843 59
2844 57
2844 58
2844 59
2845 57
2845 59
2846 825
2847 2309
2848 2309
2848 2490
2849 115
2849 116
2850 115
2850 2596
2851 310
2851 1796
2852 310
2853 1839
2854 1684
2855 872
2856 76
2857 1569
2858 1160
2858 1192
2858 2173
2858 2859
2859 2858
2859 2902
2860 353
2861 180
2861 953
2862 472
2863 392
2864 972
2865 2866
2866 2865
2867 2868
2868 2199
2868 2200
2868 2867
2869 2771
2870 1644
2871 346
2872 2454
2873 1421
2874 1421
2875 535
2875 1421
2876 1744
2877 1744
2878 1744
2879 1702
2880 2410
2881 1132
2881 2774
2882 2883
2883 2750
2883 2882
2883 2921
2884 2298
2885 1771
2885 2895
2886 2409
2887 1537
2888 697
2889 790
2890 353
2891 353
2892 2672
2893 341
2894 222
2895 1249
2895 2885
2896 1444
2896 2674
2897 529
2898 488
2898 825
2898 1262
2899 2502
2900 1124
2900 2635
2901 1396
2902 2859
2903 2904
2904 2903
2905 1786
2905 1796
2906 1786
2907 1786
2908 1786
2909 2563
2910 2116
2911 953
2912 953
2913 2371
2914 1796
2915 1838
2916 346
2917 504
2918 504
2919 504
2920 469
2921 2883
2922 2656
2923 929
2924 691
2925 1048
2925 1049
2926 221
2927 1925
2928 586
2929 1569
2930 76
2931 76
2932 1653
2933 1389
2934 1389
2935 1160
2936 2544
2937 2938
2938 507
2938 580
2938 2937
2939 635
2940 1569
2941 2490
2942 1045
2943 549
2944 2945
2945 2944
2946 388
2947 2948
2948 2947
2948 2961
2949 392
2950 926
2951 926
2952 277
2953 2603
2954 2664
2955 317
2956 1180
2957 1180
2958 825
2959 910
2960 1925
2961 2948
2962 2963
2963 2962
2964 1483
2965 763
2966 587
2967 1476
2967 2969
2968 1711
2969 2967
2970 1776
2971 996
2972 996
2973 2194
2974 1297
2975 1796
2976 222
2977 2598
2978 1796
2979 813
2980 1979
2981 275
2982 1861
2983 317
2984 1096
2984 1097
2985 317
2986 317
2987 2081
2988 659
